[285,245,321,353]
[283,245,319,353]
[280,248,316,356]
[279,251,315,359]
[279,252,315,360]
[278,252,314,360]
[276,259,312,367]
[275,264,311,372]
[273,262,309,370]
[272,260,308,368]
[274,259,310,367]
[276,257,312,365]
[274,258,310,366]
[274,257,310,365]
[274,256,310,364]
[276,254,312,362]
[274,253,310,361]
[274,252,310,360]
[274,253,310,361]
[273,253,309,361]
[273,254,309,362]
[274,254,310,362]
[275,255,311,363]
[276,255,312,363]
[275,256,311,364]
[275,256,311,364]
[276,256,312,364]
[277,257,313,365]
[276,257,312,365]
[275,257,311,365]
[274,257,310,365]
[273,257,309,365]
[273,258,309,366]
[273,258,309,366]
[273,258,309,366]
[274,259,310,367]
[274,259,310,367]
[273,258,309,366]
[273,257,309,365]
[274,256,310,364]
[275,255,311,363]
[275,254,311,362]
[276,253,312,361]
[276,252,312,360]
[276,250,312,358]
[277,248,313,356]
[278,246,314,354]
[278,244,314,352]
[277,241,313,349]
[275,241,311,349]
[275,240,311,348]
[275,240,311,348]
[277,241,313,349]
[278,242,314,350]
[277,241,313,349]
[277,241,313,349]
[277,240,313,348]
[277,240,313,348]
[276,239,312,347]
[276,239,312,347]
[276,238,312,346]
[275,237,311,345]
[275,235,311,343]
[275,232,311,340]
[275,231,311,339]
[275,230,311,338]
[276,229,312,337]
[277,229,313,337]
[276,229,312,337]
[275,228,311,336]
[275,228,311,336]
[276,228,312,336]
[277,228,313,336]
[278,228,314,336]
[279,228,315,336]
[279,228,315,336]
[279,228,315,336]
[279,228,315,336]
[281,227,317,335]
[283,226,319,334]
[283,225,319,333]
[282,224,318,332]
[283,223,319,331]
[284,222,320,330]
[284,222,320,330]
[284,222,320,330]
[284,223,320,331]
[283,224,319,332]
[283,225,319,333]
[284,226,320,334]
[283,226,319,334]
[283,226,319,334]
[284,226,320,334]
[283,226,319,334]
[282,225,318,333]
[282,224,318,332]
[282,223,318,331]
[282,223,318,331]
[283,223,319,331]
[283,223,319,331]
[284,223,320,331]
[285,223,321,331]
[286,223,322,331]
[287,223,323,331]
[289,224,325,332]
[291,224,327,332]
[292,223,328,331]
[292,223,328,331]
[293,223,329,331]
[293,223,329,331]
[294,223,330,331]
[295,223,331,331]
[296,223,332,331]
[297,224,333,332]
[298,224,334,332]
[299,224,335,332]
[301,224,337,332]
[304,224,340,332]
[307,224,343,332]
[310,224,346,332]
[313,223,349,331]
[316,223,352,331]
[320,222,356,330]
[323,221,359,329]
[326,220,362,328]
[328,219,364,327]
[331,218,367,326]
[333,218,369,326]
[335,218,371,326]
[336,218,372,326]
[337,218,373,326]
[339,218,375,326]
[340,218,376,326]
[342,218,378,326]
[343,218,379,326]
[344,219,380,327]
[346,219,382,327]
[348,220,384,328]
[350,220,386,328]
[352,221,388,329]
[354,221,390,329]
[357,221,393,329]
[359,221,395,329]
[361,221,397,329]
[363,221,399,329]
[366,221,402,329]
[369,221,405,329]
[372,222,408,330]
[375,223,411,331]
[378,223,414,331]
[381,223,417,331]
[383,223,419,331]
[385,223,421,331]
[387,223,423,331]
[388,223,424,331]
[390,223,426,331]
[392,223,428,331]
[393,223,429,331]
[395,223,431,331]
[397,223,433,331]
[399,223,435,331]
[399,222,435,330]
[401,222,437,330]
[404,221,440,329]
[406,221,442,329]
[407,220,443,328]
[409,220,445,328]
[410,219,446,327]
[412,219,448,327]
[414,219,450,327]
[415,219,451,327]
[416,219,452,327]
[417,218,453,326]
[418,218,454,326]
[418,218,454,326]
[418,217,454,325]
[419,217,455,325]
[420,217,456,325]
[420,217,456,325]
[420,217,456,325]
[420,217,456,325]
[419,217,455,325]
[419,217,455,325]
[419,217,455,325]
[419,217,455,325]
[419,217,455,325]
[419,216,455,324]
[418,216,454,324]
[417,216,453,324]
[417,216,453,324]
[417,216,453,324]
[417,217,453,325]
[417,216,453,324]
[417,216,453,324]
[417,217,453,325]
[417,217,453,325]
[417,217,453,325]
[418,217,454,325]
[418,217,454,325]
[418,217,454,325]
[418,216,454,324]
[417,217,453,325]
[416,217,452,325]
[415,216,451,324]
[414,217,450,325]
[413,217,449,325]
[413,217,449,325]
[413,217,449,325]
[412,217,448,325]
[411,218,447,326]
[412,218,448,326]
[411,219,447,327]
[411,219,447,327]
[412,219,448,327]
[412,220,448,328]
[411,219,447,327]
[410,219,446,327]
[411,220,447,328]
[411,220,447,328]
[410,220,446,328]
[410,221,446,329]
[409,221,445,329]
[408,221,444,329]
[407,222,443,330]
[407,222,443,330]
[406,221,442,329]
[405,222,441,330]
[404,222,440,330]
[404,221,440,329]
[402,221,438,329]
[401,222,437,330]
[400,222,436,330]
[400,222,436,330]
[399,222,435,330]
[397,223,433,331]
[397,223,433,331]
[395,223,431,331]
[395,224,431,332]
[393,224,429,332]
[390,224,426,332]
[389,224,425,332]
[387,223,423,331]
[384,223,420,331]
[382,223,418,331]
[379,223,415,331]
[377,223,413,331]
[374,223,410,331]
[370,223,406,331]
[368,223,404,331]
[365,223,401,331]
[362,223,398,331]
[360,223,396,331]
[357,223,393,331]
[353,222,389,330]
[351,222,387,330]
[348,221,384,329]
[345,220,381,328]
[342,220,378,328]
[339,220,375,328]
[336,220,372,328]
[333,220,369,328]
[330,221,366,329]
[328,221,364,329]
[325,222,361,330]
[322,222,358,330]
[319,222,355,330]
[316,222,352,330]
[312,222,348,330]
[309,222,345,330]
[306,222,342,330]
[302,221,338,329]
[298,221,334,329]
[296,221,332,329]
[292,220,328,328]
[289,221,325,329]
[285,220,321,328]
[281,220,317,328]
[278,221,314,329]
[273,221,309,329]
[269,221,305,329]
[266,222,302,330]
[262,222,298,330]
[259,222,295,330]
[256,222,292,330]
[252,222,288,330]
[248,221,284,329]
[244,222,280,330]
[241,222,277,330]
[238,222,274,330]
[235,222,271,330]
[232,222,268,330]
[228,223,264,331]
[225,223,261,331]
[221,224,257,332]
[219,225,255,333]
[216,226,252,334]
[213,226,249,334]
[210,226,246,334]
[206,226,242,334]
[203,226,239,334]
[200,226,236,334]
[196,226,232,334]
[194,226,230,334]
[192,226,228,334]
[190,226,226,334]
[186,226,222,334]
[183,226,219,334]
[180,226,216,334]
[178,226,214,334]
[175,227,211,335]
[173,228,209,336]
[171,228,207,336]
[168,228,204,336]
[165,229,201,337]
[162,230,198,338]
[161,230,197,338]
[158,231,194,339]
[153,231,189,339]
[150,231,186,339]
[147,231,183,339]
[142,231,178,339]
[139,231,175,339]
[136,231,172,339]
[133,231,169,339]
[130,232,166,340]
[128,232,164,340]
[125,232,161,340]
[123,232,159,340]
[120,232,156,340]
[117,232,153,340]
[115,232,151,340]
[114,232,150,340]
[112,232,148,340]
[109,231,145,339]
[106,231,142,339]
[103,231,139,339]
[100,231,136,339]
[98,232,134,340]
[95,233,131,341]
[94,235,130,343]
[94,236,130,344]
[93,237,129,345]
[91,238,127,346]
[88,238,124,346]
[86,238,122,346]
[85,237,121,345]
[80,237,116,345]
[77,236,113,344]
[75,235,111,343]
[73,235,109,343]
[70,235,106,343]
[68,235,104,343]
[65,235,101,343]
[64,235,100,343]
[63,235,99,343]
[61,235,97,343]
[59,235,95,343]
[56,235,92,343]
[54,235,90,343]
[53,236,89,344]
[51,236,87,344]
[49,237,85,345]
[47,237,83,345]
[46,238,82,346]
[44,238,80,346]
[43,239,79,347]
[41,239,77,347]
[38,239,74,347]
[36,239,72,347]
[33,238,69,346]
[30,238,66,346]
[27,237,63,345]
[25,237,61,345]
[24,237,60,345]
[21,237,57,345]
[19,237,55,345]
[18,238,54,346]
[15,239,51,347]
[12,239,48,347]
[9,239,45,347]
[8,240,44,348]
[6,240,42,348]
[4,240,40,348]
[2,239,38,347]
[-2,239,34,347]
[-6,238,30,346]
[-10,237,26,345]
[-12,237,24,345]
[-14,237,22,345]
[-17,236,19,344]
[-21,235,15,343]
[-24,235,12,343]
[-27,234,9,342]
[-26,237,10,345]
[-26,237,10,345]
[-26,238,10,346]
[-26,239,10,347]
[-26,239,10,347]
[-26,240,10,348]
[-26,241,10,349]
[-26,242,10,350]
[-26,242,10,350]
[-26,243,10,351]
[-26,245,10,353]
[-26,247,10,355]
[-26,248,10,356]
[-26,249,10,357]
[-26,250,10,358]
[-26,252,10,360]
[-26,252,10,360]
[-26,253,10,361]
[-26,254,10,362]
[-26,254,10,362]
[-26,255,10,363]
[-26,255,10,363]
[-28,255,8,363]
[-30,255,6,363]
[-31,255,5,363]
[-32,244,4,352]
[-32,242,4,350]
[-32,242,4,350]
[-32,242,4,350]
[-32,242,4,350]
[-32,243,4,351]
[-32,244,4,352]
[-32,245,4,353]
[-32,244,4,352]
[-32,245,4,353]
[-32,246,4,354]
[-32,247,4,355]
[-32,247,4,355]
[-32,247,4,355]
[-32,248,4,356]
[-32,251,4,359]
[-32,251,4,359]
[-32,252,4,360]
[-32,256,4,364]
[-32,259,4,367]
[-32,261,4,369]
[-32,262,4,370]
[-32,262,4,370]
[-32,262,4,370]
[-32,262,4,370]
[-32,263,4,371]
[-32,264,4,372]
[-32,264,4,372]
[-32,265,4,373]
[-32,265,4,373]
[-32,266,4,374]
[-32,268,4,376]
[-32,270,4,378]
[-32,272,4,380]
[-32,272,4,380]
[-32,271,4,379]
[-32,271,4,379]
[-32,271,4,379]
[-32,271,4,379]
[-32,272,4,380]
[-32,273,4,381]
[-32,273,4,381]
[-32,273,4,381]
[-32,273,4,381]
[-32,274,4,382]
[-32,274,4,382]
[-32,274,4,382]
[-32,274,4,382]
[-32,275,4,383]
[-32,274,4,382]
[-32,272,4,380]
[-32,271,4,379]
[-32,270,4,378]
[-32,268,4,376]
[-32,267,4,375]
[-32,266,4,374]
[-32,264,4,372]
[-34,263,2,371]
[-34,300,2,408]
[-34,300,2,408]
[-34,300,2,408]
[-34,299,2,407]
[-34,299,2,407]
[-34,299,2,407]
[-34,299,2,407]
[-34,298,2,406]
[-34,297,2,405]
[-34,297,2,405]
[-34,297,2,405]
[-34,297,2,405]
[-34,297,2,405]
[-34,297,2,405]
[-34,297,2,405]
[-34,297,2,405]
[-34,297,2,405]
[-34,298,2,406]
[-34,298,2,406]
[-34,297,2,405]
[-34,296,2,404]
[-34,294,2,402]
[-34,294,2,402]
[-34,294,2,402]
[-34,295,2,403]
[-34,295,2,403]
[-34,295,2,403]
[-34,294,2,402]
[-34,293,2,401]
[-34,291,2,399]
[-34,289,2,397]
[-34,289,2,397]
[-34,290,2,398]
[-34,290,2,398]
[-34,289,2,397]
[-34,290,2,398]
[-34,291,2,399]
[-34,292,2,400]
[-34,292,2,400]
[-34,293,2,401]
[-34,293,2,401]
[-34,294,2,402]
[-34,294,2,402]
[-34,295,2,403]
[-34,296,2,404]
[-34,296,2,404]
[-34,296,2,404]
[-34,296,2,404]
[-34,296,2,404]
[-34,295,2,403]
[-34,295,2,403]
[-34,295,2,403]
[-34,295,2,403]
[-34,295,2,403]
[-34,295,2,403]
[-34,296,2,404]
[-34,296,2,404]
[-34,297,2,405]
[-34,298,2,406]
[-34,298,2,406]
[-34,298,2,406]
[-34,298,2,406]
[-34,298,2,406]
[-34,299,2,407]
[-34,301,2,409]
[-34,302,2,410]
[-34,303,2,411]
[-34,304,2,412]
[-34,303,2,411]
[-34,303,2,411]
[-34,303,2,411]
[-34,304,2,412]
[-34,305,2,413]
[-34,305,2,413]
[-34,305,2,413]
[-34,305,2,413]
[-34,304,2,412]
[-34,304,2,412]
[-34,305,2,413]
[-34,307,2,415]
[-34,308,2,416]
[-34,308,2,416]
[-34,308,2,416]
[-34,308,2,416]
[-34,308,2,416]
[-34,308,2,416]
[-34,309,2,417]
[-34,310,2,418]
[-34,310,2,418]
[-34,310,2,418]
[-34,310,2,418]
[-34,310,2,418]
[-34,310,2,418]
[-34,309,2,417]
[-34,309,2,417]
[-34,309,2,417]
[-34,310,2,418]
[-34,310,2,418]
[-34,310,2,418]
[-34,310,2,418]
[-34,309,2,417]
[-34,309,2,417]
[-34,309,2,417]
[-34,308,2,416]
[-34,307,2,415]
[-34,307,2,415]
[-34,307,2,415]
[-34,307,2,415]
[-34,307,2,415]
[-34,307,2,415]
[-34,307,2,415]
[-34,307,2,415]
[-34,307,2,415]
[-34,308,2,416]
[-34,308,2,416]
[-34,309,2,417]
[-34,310,2,418]
[-34,310,2,418]
[-34,309,2,417]
[-34,308,2,416]
[-34,307,2,415]
[-34,307,2,415]
[-34,307,2,415]
[-34,308,2,416]
[-34,309,2,417]
[-34,309,2,417]
[-34,309,2,417]
[-34,310,2,418]
[-34,310,2,418]
[-34,310,2,418]
[-34,311,2,419]
[-34,311,2,419]
[-34,311,2,419]
[-34,311,2,419]
[-34,310,2,418]
[-34,310,2,418]
[-34,310,2,418]
[-34,311,2,419]
[-34,312,2,420]
[-34,313,2,421]
[-34,313,2,421]
[-34,313,2,421]
[-34,314,2,422]
[-34,314,2,422]
[-34,314,2,422]
[-34,315,2,423]
[-34,315,2,423]
[-34,315,2,423]
[-34,314,2,422]
[-34,313,2,421]
[-34,313,2,421]
[-34,313,2,421]
[-34,314,2,422]
[-34,315,2,423]
[-34,315,2,423]
[-34,315,2,423]
[-34,316,2,424]
[-34,317,2,425]
[-34,319,2,427]
[-34,319,2,427]
[-34,319,2,427]
[-34,319,2,427]
[-34,319,2,427]
[-34,319,2,427]
[-34,320,2,428]
[-34,320,2,428]
[-34,321,2,429]
[-34,322,2,430]
[-34,323,2,431]
[-34,324,2,432]
[-34,325,2,433]
[-34,325,2,433]
[-34,325,2,433]
[-34,324,2,432]
[-34,322,2,430]
[-34,321,2,429]
[-34,320,2,428]
[-34,318,2,426]
[-34,316,2,424]
[-34,314,2,422]
[-34,312,2,420]
[-34,310,2,418]
[-34,309,2,417]
[-34,309,2,417]
[-34,310,2,418]
[-34,309,2,417]
[-34,304,2,412]
[-34,306,2,414]
[-34,309,2,417]
[-34,311,2,419]
