[288, 245, 328, 355] 
[286, 248, 321, 353] 
[284, 246, 319, 351] 
[282, 249, 317, 354] 
[280, 255, 315, 360] 
[279, 255, 314, 360] 
[278, 255, 313, 360] 
[276, 261, 311, 366] 
[274, 268, 309, 373] 
[272, 266, 307, 371] 
[271, 264, 306, 369] 
[271, 262, 306, 367] 
[273, 260, 308, 365] 
[272, 258, 307, 363] 
[273, 258, 308, 363] 
[273, 257, 308, 362] 
[274, 255, 309, 360] 
[273, 253, 308, 358] 
[273, 254, 308, 359] 
[273, 254, 308, 359] 
[273, 254, 308, 359] 
[274, 256, 309, 361] 
[273, 256, 308, 361] 
[273, 256, 308, 361] 
[273, 257, 308, 362] 
[273, 258, 308, 363] 
[273, 259, 308, 364] 
[274, 259, 309, 364] 
[275, 258, 310, 363] 
[275, 259, 310, 364] 
[274, 259, 309, 364] 
[273, 259, 308, 364] 
[273, 259, 308, 364] 
[272, 260, 307, 365] 
[273, 260, 308, 365] 
[274, 259, 309, 364] 
[273, 257, 308, 362] 
[275, 261, 310, 366] 
[274, 259, 309, 364] 
[273, 258, 308, 363] 
[273, 258, 308, 363] 
[275, 256, 310, 361] 
[274, 254, 309, 359] 
[274, 252, 309, 357] 
[274, 250, 309, 355] 
[274, 248, 309, 353] 
[278, 246, 313, 351] 
[277, 244, 312, 349] 
[277, 242, 312, 347] 
[276, 240, 311, 345] 
[275, 238, 310, 343] 
[274, 236, 309, 341] 
[273, 234, 308, 339] 
[277, 242, 312, 347] 
[279, 241, 314, 346] 
[279, 242, 314, 347] 
[278, 241, 313, 346] 
[277, 242, 312, 347] 
[277, 243, 312, 348] 
[276, 241, 311, 346] 
[275, 240, 310, 345] 
[275, 239, 310, 344] 
[276, 238, 311, 343] 
[275, 236, 310, 341] 
[275, 234, 310, 339] 
[274, 232, 309, 337] 
[274, 230, 309, 335] 
[275, 228, 310, 333] 
[277, 229, 312, 334] 
[277, 229, 312, 334] 
[276, 229, 311, 334] 
[275, 229, 310, 334] 
[274, 227, 309, 332] 
[279, 228, 314, 333] 
[279, 229, 314, 334] 
[278, 227, 313, 332] 
[280, 229, 315, 334] 
[281, 227, 316, 332] 
[280, 228, 315, 333] 
[281, 228, 316, 333] 
[282, 227, 317, 332] 
[282, 226, 317, 331] 
[281, 224, 316, 329] 
[283, 223, 318, 328] 
[284, 224, 319, 329] 
[283, 223, 318, 328] 
[282, 223, 317, 328] 
[282, 222, 317, 327] 
[283, 224, 318, 329] 
[285, 226, 320, 331] 
[285, 225, 320, 330] 
[283, 228, 331, 328] 
[284, 228, 332, 328] 
[288, 226, 336, 326] 
[287, 229, 335, 329] 
[287, 229, 335, 329] 
[285, 230, 339, 327] 
[284, 228, 338, 325] 
[285, 227, 339, 324] 
[286, 229, 340, 326] 
[285, 227, 339, 324] 
[284, 225, 338, 322] 
[284, 224, 338, 321] 
[287, 225, 341, 322] 
[288, 228, 342, 325] 
[289, 227, 343, 324] 
[295, 229, 349, 326] 
[296, 227, 350, 324] 
[297, 226, 351, 323] 
[297, 227, 351, 324] 
[297, 227, 351, 324] 
[297, 225, 351, 322] 
[297, 226, 351, 323] 
[299, 225, 353, 322] 
[299, 227, 353, 324] 
[298, 227, 352, 324] 
[298, 227, 352, 324] 
[300, 225, 354, 322] 
[302, 225, 356, 322] 
[307, 226, 361, 323] 
[309, 226, 363, 323] 
[311, 225, 365, 322] 
[311, 224, 365, 321] 
[311, 223, 365, 320] 
[314, 223, 368, 320] 
[315, 224, 369, 321] 
[322, 224, 367, 319] 
[322, 223, 367, 318] 
[329, 225, 374, 320] 
[330, 223, 375, 318] 
[332, 224, 377, 319] 
[333, 223, 378, 318] 
[337, 224, 382, 319] 
[338, 226, 383, 321] 
[339, 226, 384, 321] 
[341, 224, 386, 319] 
[343, 222, 392, 315] 
[346, 223, 395, 316] 
[346, 222, 395, 315] 
[345, 225, 394, 318] 
[345, 224, 394, 317] 
[345, 226, 394, 319] 
[349, 226, 398, 319] 
[351, 226, 400, 319] 
[353, 227, 402, 320] 
[355, 227, 404, 320] 
[358, 227, 407, 320] 
[361, 226, 410, 319] 
[365, 227, 414, 320] 
[366, 227, 415, 320] 
[371, 228, 420, 321] 
[376, 229, 417, 322] 
[379, 229, 420, 322] 
[384, 228, 425, 321] 
[384, 229, 428, 322] 
[387, 227, 431, 320] 
[385, 227, 432, 319] 
[384, 226, 438, 320] 
[385, 228, 439, 322] 
[385, 228, 439, 322] 
[386, 227, 440, 321] 
[387, 229, 441, 323] 
[388, 229, 442, 323] 
[389, 229, 443, 323] 
[392, 227, 446, 321] 
[396, 227, 450, 321] 
[401, 227, 448, 322] 
[401, 225, 448, 320] 
[409, 224, 447, 325] 
[417, 225, 448, 323] 
[420, 224, 451, 322] 
[420, 223, 451, 321] 
[424, 222, 455, 320] 
[426, 222, 457, 320] 
[428, 222, 459, 320] 
[429, 224, 460, 322] 
[427, 223, 465, 318] 
[429, 224, 467, 319] 
[432, 225, 470, 320] 
[432, 223, 470, 318] 
[432, 221, 470, 316] 
[430, 219, 476, 315] 
[430, 222, 476, 318] 
[432, 223, 478, 319] 
[436, 223, 482, 319] 
[436, 222, 482, 318] 
[440, 221, 486, 317] 
[445, 219, 484, 319] 
[457, 222, 483, 317] 
[457, 220, 483, 315] 
[457, 218, 488, 314] 
[459, 219, 490, 315] 
[461, 219, 492, 315] 
[460, 217, 496, 315] 
[464, 219, 500, 317] 
[465, 218, 505, 317] 
[467, 219, 507, 318] 
[468, 218, 508, 317] 
[466, 216, 511, 316] 
[470, 218, 515, 318] 
[472, 220, 517, 320] 
[471, 218, 516, 318] 
[473, 218, 518, 318] 
[475, 218, 520, 318] 
[475, 218, 520, 318] 
[477, 218, 522, 318] 
[482, 216, 521, 317] 
[484, 217, 523, 318] 
[486, 217, 525, 318] 
[487, 217, 526, 318] 
[488, 218, 527, 319] 
[491, 218, 530, 319] 
[493, 218, 532, 319] 
[493, 217, 532, 318] 
[497, 216, 536, 317] 
[502, 217, 541, 318] 
[500, 225, 551, 315] 
[501, 225, 552, 315] 
[500, 225, 551, 315] 
[502, 227, 553, 317] 
[501, 227, 552, 317] 
[503, 228, 554, 318] 
[506, 228, 557, 318] 
[507, 229, 558, 319] 
[507, 230, 558, 320] 
[507, 230, 558, 320] 
[506, 230, 557, 320] 
[515, 228, 557, 320] 
[517, 226, 559, 318] 
[518, 224, 560, 316] 
[520, 223, 559, 321] 
[520, 222, 559, 320] 
[520, 224, 559, 322] 
[522, 222, 566, 321] 
[523, 222, 567, 321] 
[522, 222, 573, 321] 
[522, 223, 573, 322] 
[520, 226, 577, 320] 
[520, 228, 577, 322] 
[519, 228, 576, 322] 
[516, 227, 573, 321] 
[516, 226, 573, 320] 
[516, 225, 573, 319] 
[515, 224, 572, 318] 
[513, 223, 570, 317] 
[519, 224, 566, 316] 
[517, 223, 564, 315] 
[517, 223, 564, 315] 
[517, 223, 564, 315] 
[520, 222, 560, 315] 
[518, 222, 558, 315] 
[516, 222, 556, 315] 
[514, 221, 554, 314] 
[511, 219, 553, 315] 
[509, 220, 551, 316] 
[509, 220, 551, 316] 
[507, 220, 554, 312] 
[505, 218, 552, 310] 
[500, 221, 547, 313] 
[498, 219, 545, 311] 
[496, 217, 543, 309] 
[494, 216, 541, 308] 
[492, 215, 539, 307] 
[490, 217, 537, 309] 
[488, 217, 535, 309] 
[486, 219, 533, 311] 
[484, 219, 531, 311] 
[493, 217, 532, 310] 
[491, 216, 530, 309] 
[488, 215, 527, 308] 
[486, 214, 525, 307] 
[484, 213, 523, 306] 
[482, 214, 521, 307] 
[480, 213, 519, 306] 
[478, 212, 517, 305] 
[476, 211, 515, 304] 
[474, 210, 513, 303] 
[465, 209, 508, 304] 
[463, 209, 506, 304] 
[459, 209, 502, 304] 
[457, 208, 500, 303] 
[453, 207, 496, 302] 
[449, 209, 492, 304] 
[447, 209, 490, 304] 
[445, 209, 488, 304] 
[443, 209, 486, 304] 
[443, 211, 483, 301] 
[442, 209, 482, 299] 
[440, 207, 480, 297] 
[438, 210, 476, 295] 
[437, 208, 475, 293] 
[435, 207, 473, 292] 
[433, 206, 471, 291] 
[431, 212, 469, 297] 
[429, 212, 467, 297] 
[427, 211, 465, 296] 
[425, 213, 463, 298] 
[423, 213, 461, 298] 
[421, 213, 459, 298] 
[420, 213, 458, 298] 
[419, 212, 457, 297] 
[418, 211, 456, 296] 
[417, 211, 455, 296] 
[415, 211, 453, 296] 
[413, 210, 451, 295] 
[411, 209, 449, 294] 
[409, 208, 447, 293] 
[407, 207, 445, 292] 
[405, 206, 443, 291] 
[403, 206, 441, 291] 
[401, 206, 439, 291] 
[401, 207, 439, 292] 
[399, 207, 437, 292] 
[400, 208, 438, 293] 
[399, 206, 437, 291] 
[400, 204, 438, 289] 
[399, 206, 437, 291] 
[397, 206, 435, 291] 
[395, 205, 433, 290] 
[393, 204, 431, 289] 
[390, 203, 428, 288] 
[388, 202, 426, 287] 
[386, 201, 424, 286] 
[383, 202, 421, 287] 
[380, 201, 418, 286] 
[378, 200, 416, 285] 
[376, 202, 414, 287] 
[375, 201, 413, 286] 
[375, 200, 413, 285] 
[373, 204, 411, 289] 
[373, 207, 411, 292] 
[372, 206, 410, 291] 
[374, 207, 412, 292] 
[373, 205, 411, 290] 
[372, 203, 410, 288] 
[373, 206, 408, 286] 
[373, 204, 408, 284] 
[371, 204, 406, 284] 
[370, 205, 405, 285] 
[370, 204, 405, 284] 
[368, 209, 403, 289] 
[367, 208, 402, 288] 
[366, 206, 401, 286] 
[365, 207, 400, 287] 
[364, 207, 399, 287] 
[365, 206, 400, 286] 
[365, 207, 400, 287] 
[364, 206, 399, 286] 
[362, 205, 397, 285] 
[361, 203, 396, 283] 
[362, 201, 397, 281] 
[362, 200, 397, 280] 
[363, 198, 398, 278] 
[362, 196, 397, 276] 
[361, 196, 396, 276] 
[360, 194, 395, 274] 
[360, 193, 395, 273] 
[359, 195, 394, 275] 
[357, 195, 392, 275] 
[355, 196, 390, 276] 
[356, 196, 391, 276] 
[356, 199, 391, 279] 
[354, 199, 389, 279] 
[353, 198, 388, 278] 
[353, 197, 388, 277] 
[354, 196, 389, 276] 
[353, 196, 388, 276] 
[353, 196, 388, 276] 
[352, 197, 387, 277] 
[351, 196, 386, 276] 
[350, 195, 385, 275] 
[348, 196, 383, 276] 
[351, 196, 381, 274] 
[350, 194, 380, 272] 
[350, 195, 380, 273] 
[349, 196, 379, 274] 
[348, 195, 378, 273] 
[349, 195, 379, 273] 
[349, 193, 379, 271] 
[348, 194, 378, 272] 
[346, 195, 376, 273] 
[345, 194, 375, 272] 
[345, 193, 375, 271] 
[344, 193, 374, 271] 
[344, 192, 374, 270] 
[342, 192, 372, 270] 
[341, 191, 371, 269] 
[340, 189, 370, 267] 
[338, 188, 368, 266] 
[336, 187, 366, 265] 
[334, 186, 364, 264] 
[333, 185, 363, 263] 
[333, 186, 363, 264] 
[331, 187, 361, 265] 
[329, 187, 359, 265] 
[327, 188, 357, 266] 
[326, 189, 356, 267] 
[325, 189, 355, 267] 
[325, 192, 355, 270] 
[323, 190, 353, 261] 
[322, 189, 352, 260] 
[322, 188, 352, 259] 
[322, 188, 352, 259] 
[320, 188, 350, 259] 
[319, 188, 349, 259] 
[318, 188, 348, 259] 
[317, 191, 347, 262] 
[317, 190, 347, 261] 
[318, 192, 348, 263] 
[316, 193, 346, 264] 
[316, 192, 346, 263] 
[316, 198, 349, 265] 
[316, 197, 349, 264] 
[315, 195, 348, 262] 
[314, 193, 347, 260] 
[313, 192, 346, 259] 
[312, 195, 345, 262] 
[312, 193, 345, 260] 
[313, 193, 346, 260] 
[312, 193, 345, 260] 
[312, 195, 345, 262] 
[310, 197, 343, 264] 
[312, 198, 345, 265] 
[312, 198, 345, 265] 
[311, 196, 344, 263] 
[311, 198, 344, 265] 
[311, 199, 344, 266] 
[309, 198, 342, 265] 
[308, 197, 341, 264] 
[307, 196, 340, 263] 
[307, 195, 340, 262] 
[305, 195, 338, 262] 
[304, 194, 337, 261] 
[307, 193, 340, 260] 
[306, 192, 339, 259] 
[305, 191, 338, 258] 
[304, 190, 337, 257] 
[303, 188, 336, 255] 
[304, 186, 337, 253] 
[305, 185, 338, 252] 
[303, 189, 336, 256] 
[301, 189, 334, 256] 
[299, 191, 332, 258] 
[297, 192, 330, 259] 
[300, 190, 333, 257] 
[303, 190, 336, 257] 
[302, 192, 335, 259] 
[304, 192, 337, 259] 
[304, 192, 337, 259] 
[302, 194, 335, 261] 
[300, 194, 333, 261] 
[299, 196, 332, 263] 
[298, 195, 331, 262] 
[298, 195, 331, 262] 
[296, 194, 329, 261] 
[294, 195, 327, 262] 
[293, 194, 326, 261] 
[292, 193, 325, 260] 
[293, 194, 326, 261] 
[295, 195, 328, 262] 
[295, 195, 328, 262] 
[293, 196, 326, 263] 
[294, 198, 327, 265] 
[295, 199, 328, 266] 
[295, 198, 328, 265] 
[293, 199, 326, 266] 
[293, 198, 326, 265] 
[294, 197, 327, 264] 
[294, 200, 327, 267] 
[295, 200, 328, 267] 
[294, 201, 327, 268] 
[295, 200, 328, 267] 
[294, 199, 327, 266] 
[294, 201, 325, 265] 
[293, 202, 323, 263] 
[292, 200, 322, 261] 
[291, 198, 321, 259] 
[292, 199, 322, 260] 
[291, 200, 321, 261] 
[291, 200, 321, 261] 
[290, 200, 320, 261] 
[290, 199, 320, 260] 
[289, 199, 319, 260] 
[290, 199, 320, 260] 
[290, 198, 320, 259] 
[293, 198, 319, 257] 
[292, 197, 318, 256] 
[292, 197, 318, 256] 
[293, 198, 319, 257] 
[293, 199, 319, 258] 
[293, 201, 319, 260] 
[293, 201, 319, 260] 
[292, 200, 318, 259] 
[292, 199, 318, 258] 
[293, 200, 319, 259] 
[293, 199, 319, 258] 
[295, 199, 321, 258] 
[294, 198, 320, 257] 
[293, 197, 319, 256] 
[292, 196, 318, 255] 
[293, 195, 319, 254] 
[295, 199, 321, 258] 
[296, 197, 322, 256] 
[295, 195, 321, 254] 
[294, 193, 320, 252] 
[295, 191, 321, 250] 
[295, 190, 321, 249] 
[295, 189, 321, 248] 
[296, 191, 322, 250] 
[299, 194, 325, 253] 
[300, 194, 326, 253] 
[298, 195, 320, 253] 
[298, 193, 320, 251] 
[299, 192, 321, 250] 
[298, 195, 320, 253] 
[298, 194, 320, 252] 
[300, 192, 322, 250] 
[302, 195, 324, 253] 
[301, 195, 323, 253] 
[302, 194, 324, 252] 
[302, 194, 324, 252] 
[302, 193, 324, 251] 
[304, 194, 326, 252] 
[305, 193, 327, 251] 
[306, 195, 328, 253] 
[307, 196, 329, 254] 
[307, 196, 329, 254] 
[306, 196, 328, 254] 
[309, 196, 331, 254] 
[309, 195, 331, 253] 
[310, 195, 332, 253] 
[310, 196, 332, 254] 
[312, 196, 334, 254] 
[312, 194, 334, 252] 
[313, 194, 335, 252] 
[315, 193, 337, 251] 
[316, 192, 338, 250] 
[319, 195, 341, 253] 
[320, 194, 342, 252] 
[322, 193, 344, 251] 
[321, 193, 343, 251] 
[324, 197, 345, 251] 
[328, 195, 349, 249] 
[330, 193, 351, 247] 
[331, 195, 352, 249] 
[332, 194, 353, 248] 
[332, 195, 353, 249] 
[332, 196, 353, 250] 
[335, 197, 356, 251] 
[336, 196, 357, 250] 
[336, 194, 357, 248] 
[337, 193, 358, 247] 
[338, 191, 359, 245] 
[337, 191, 358, 245] 
[338, 195, 359, 249] 
[339, 194, 360, 248] 
[341, 199, 362, 253] 
[343, 198, 364, 252] 
[345, 196, 366, 250] 
[345, 197, 366, 251] 
[346, 198, 367, 252] 
[346, 197, 367, 251] 
[345, 198, 366, 252] 
[346, 200, 367, 254] 
[348, 201, 369, 255] 
[348, 202, 369, 256] 
[349, 201, 370, 255] 
[349, 200, 370, 254] 
[349, 200, 370, 254] 
[349, 200, 370, 254] 
[352, 201, 373, 255] 
[353, 202, 374, 256] 
[351, 202, 372, 256] 
[353, 203, 374, 257] 
[354, 202, 375, 256] 
[353, 202, 374, 256] 
[354, 202, 375, 256] 
[355, 201, 376, 255] 
[354, 201, 375, 255] 
[355, 200, 376, 254] 
[357, 201, 378, 255] 
[356, 200, 377, 254] 
[356, 199, 377, 253] 
[357, 197, 378, 251] 
[359, 198, 380, 252] 
[359, 197, 380, 251] 
[359, 198, 380, 252] 
[361, 198, 382, 252] 
[362, 200, 383, 254] 
[362, 198, 383, 252] 
[362, 199, 383, 253] 
[363, 199, 384, 253] 
[362, 200, 383, 254] 
[363, 201, 384, 255] 
[365, 201, 386, 255] 
[365, 203, 386, 257] 
[366, 200, 387, 254] 
[366, 198, 387, 252] 
[365, 198, 386, 252] 
[367, 200, 388, 254] 
[366, 199, 387, 253] 
[367, 198, 388, 252] 
[370, 199, 391, 253] 
[369, 198, 390, 252] 
[369, 198, 390, 252] 
[370, 199, 391, 253] 
[372, 199, 393, 253] 
[372, 199, 393, 253] 
[373, 199, 394, 253] 
[374, 200, 395, 254] 
[375, 200, 396, 254] 
[374, 201, 395, 255] 
[374, 199, 395, 253] 
[375, 199, 396, 253] 
[375, 198, 396, 252] 
[376, 200, 397, 254] 
[375, 201, 396, 255] 
[378, 201, 397, 253] 
[378, 202, 397, 254] 
[379, 200, 398, 252] 
[378, 203, 397, 255] 
[380, 202, 399, 254] 
[379, 203, 398, 255] 
[381, 203, 400, 255] 
[382, 203, 401, 255] 
[384, 202, 403, 254] 
[384, 203, 403, 255] 
[385, 201, 404, 253] 
[384, 199, 405, 241] 
[383, 208, 404, 239] 
[386, 206, 407, 237] 
[386, 208, 407, 239] 
[387, 208, 408, 239] 
[386, 206, 408, 239] 
[391, 207, 413, 240] 
[392, 210, 414, 243] 
[392, 210, 414, 243] 
[393, 209, 415, 242] 
[397, 208, 418, 245] 
[398, 207, 421, 249] 
[400, 209, 425, 253] 
[402, 209, 427, 253] 
[406, 207, 426, 258] 
[409, 208, 429, 259] 
[409, 207, 429, 258] 
[410, 208, 430, 259] 
[411, 207, 431, 258] 
[414, 209, 434, 260] 
[413, 210, 433, 261] 
[412, 209, 432, 260] 
[413, 207, 433, 258] 
[413, 206, 433, 257] 
[414, 205, 434, 256] 
[413, 204, 433, 255] 
[411, 203, 431, 254] 
[410, 202, 430, 253] 
[410, 201, 430, 252] 
[410, 200, 430, 251] 
[409, 199, 429, 250] 
[408, 198, 428, 249] 
[409, 197, 429, 248] 
[409, 198, 429, 249] 
[410, 200, 430, 251] 
[413, 198, 433, 249] 
[412, 198, 432, 249] 
[411, 196, 431, 247] 
[412, 202, 432, 253] 
