[553,309,661,559]
[554,309,662,559]
[554,308,662,558]
[554,308,662,558]
[553,308,661,558]
[553,308,661,558]
[553,307,661,557]
[553,306,661,556]
[552,306,660,556]
[552,305,660,555]
[552,304,660,554]
[552,303,660,553]
[552,302,660,552]
[552,301,660,551]
[552,300,660,550]
[552,299,660,549]
[552,298,660,548]
[552,297,660,547]
[552,296,660,546]
[553,295,661,545]
[553,294,661,544]
[553,293,661,543]
[554,292,662,542]
[554,291,662,541]
[555,290,663,540]
[555,290,663,540]
[556,289,664,539]
[556,288,664,538]
[557,287,665,537]
[557,287,665,537]
[558,287,666,537]
[558,287,666,537]
[559,287,667,537]
[560,287,668,537]
[560,287,668,537]
[560,287,668,537]
[561,288,669,538]
[561,289,669,539]
[561,290,669,540]
[561,290,669,540]
[561,290,669,540]
[561,290,669,540]
[561,291,669,541]
[561,291,669,541]
[561,291,669,541]
[561,291,669,541]
[561,291,669,541]
[561,291,669,541]
[561,291,669,541]
[561,290,669,540]
[561,290,669,540]
[561,290,669,540]
[561,289,669,539]
[561,289,669,539]
[561,289,669,539]
[561,288,669,538]
[561,288,669,538]
[562,288,670,538]
[562,287,670,537]
[562,287,670,537]
[563,287,671,537]
[563,287,671,537]
[564,286,672,536]
[564,286,672,536]
[565,285,673,535]
[565,284,673,534]
[566,284,674,534]
[566,283,674,533]
[567,282,675,532]
[568,282,676,532]
[568,281,676,531]
[569,281,677,531]
[569,281,677,531]
[570,281,678,531]
[571,281,679,531]
[571,282,679,532]
[571,282,679,532]
[571,283,679,533]
[571,283,679,533]
[571,283,679,533]
[571,282,679,532]
[571,282,679,532]
[571,281,679,531]
[571,281,679,531]
[571,280,679,530]
[571,280,679,530]
[570,279,678,529]
[570,279,678,529]
[570,279,678,529]
[570,278,678,528]
[570,278,678,528]
[569,278,677,528]
[569,278,677,528]
[569,278,677,528]
[570,278,678,528]
[570,278,678,528]
[570,278,678,528]
[570,278,678,528]
[570,277,678,527]
[571,277,679,527]
[571,276,679,526]
[572,275,680,525]
[572,274,680,524]
[572,273,680,523]
[572,272,680,522]
[573,271,681,521]
[573,270,681,520]
[573,269,681,519]
[574,269,682,519]
[574,268,682,518]
[574,268,682,518]
[574,268,682,518]
[574,268,682,518]
[574,268,682,518]
[574,267,682,517]
[575,267,683,517]
[575,266,683,516]
[576,266,684,516]
[576,265,684,515]
[577,264,685,514]
[577,264,685,514]
[578,263,686,513]
[578,263,686,513]
[579,263,687,513]
[580,263,688,513]
[581,263,689,513]
[582,263,690,513]
[583,264,691,514]
[584,264,692,514]
[585,265,693,515]
[587,266,695,516]
[588,267,696,517]
[590,268,698,518]
[592,269,700,519]
[594,270,702,520]
[596,270,704,520]
[598,271,706,521]
[600,271,708,521]
[602,272,710,522]
[604,272,712,522]
[606,273,714,523]
[609,274,717,524]
[611,275,719,525]
[613,277,721,527]
[615,279,723,529]
[616,282,724,532]
[617,285,725,535]
[619,287,727,537]
[620,289,728,539]
[621,290,729,540]
[623,292,731,542]
[624,293,732,543]
[625,294,733,544]
[626,295,734,545]
[627,296,735,546]
[628,296,736,546]
[629,297,737,547]
[630,298,738,548]
[631,298,739,548]
[632,299,740,549]
[633,300,741,550]
[634,301,742,551]
[635,302,743,552]
[636,303,744,553]
[637,304,745,554]
[638,305,746,555]
[639,305,747,555]
[640,305,748,555]
[641,305,749,555]
[642,305,750,555]
[642,305,750,555]
[643,305,751,555]
[644,305,752,555]
[645,305,753,555]
[646,306,754,556]
[647,307,755,557]
[647,308,755,558]
[648,310,756,560]
[648,312,756,562]
[648,314,756,564]
[647,316,755,566]
[647,318,755,568]
[646,320,754,570]
[645,321,753,571]
[643,322,751,572]
[642,324,750,574]
[641,325,749,575]
[640,325,748,575]
[639,326,747,576]
[638,327,746,577]
[637,328,745,578]
[636,329,744,579]
[635,331,743,581]
[634,333,742,583]
[633,335,741,585]
[633,337,741,587]
[633,339,741,589]
[633,341,741,591]
[633,342,741,592]
[634,343,742,593]
[634,344,742,594]
[635,344,743,594]
[635,343,743,593]
[636,343,744,593]
[637,342,745,592]
[638,341,746,591]
[639,341,747,591]
[639,340,747,590]
[640,340,748,590]
[641,340,749,590]
[642,340,750,590]
[644,340,752,590]
[645,341,753,591]
[647,341,755,591]
[649,341,757,591]
[651,342,759,592]
[653,342,761,592]
[655,342,763,592]
[657,342,765,592]
[659,342,767,592]
[660,341,768,591]
[661,340,769,590]
[662,340,770,590]
[663,340,771,590]
[664,340,772,590]
[664,340,772,590]
[664,340,772,590]
[664,340,772,590]
[664,340,772,590]
[663,340,771,590]
[662,339,770,589]
[660,338,768,588]
[659,337,767,587]
[657,336,765,586]
[655,334,763,584]
[653,332,761,582]
[650,330,758,580]
[648,327,756,577]
[645,324,753,574]
[642,322,750,572]
[639,320,747,570]
[636,319,744,569]
[633,319,741,569]
[631,319,739,569]
[629,320,737,570]
[627,320,735,570]
[626,321,734,571]
[626,322,734,572]
[626,322,734,572]
[626,322,734,572]
[626,321,734,571]
[627,321,735,571]
[628,320,736,570]
[629,319,737,569]
[630,318,738,568]
[631,317,739,567]
[632,317,740,567]
[634,317,742,567]
[635,318,743,568]
[637,319,745,569]
[638,320,746,570]
[640,321,748,571]
[642,322,750,572]
[644,323,752,573]
[647,323,755,573]
[649,323,757,573]
[651,322,759,572]
[652,321,760,571]
[654,319,762,569]
[655,317,763,567]
[655,315,763,565]
[655,314,763,564]
[655,314,763,564]
[654,315,762,565]
[653,316,761,566]
[652,319,760,569]
[652,322,760,572]
[652,324,760,574]
[652,326,760,576]
[652,328,760,578]
[652,329,760,579]
[652,330,760,580]
[652,331,760,581]
[651,331,759,581]
[651,331,759,581]
[650,331,758,581]
[648,332,756,582]
[647,332,755,582]
[645,333,753,583]
[644,334,752,584]
[642,336,750,586]
[641,338,749,588]
[640,341,748,591]
[640,343,748,593]
[640,345,748,595]
[640,346,748,596]
[640,347,748,597]
[640,347,748,597]
[640,346,748,596]
[639,345,747,595]
[638,343,746,593]
[636,341,744,591]
[634,339,742,589]
[632,338,740,588]
[629,337,737,587]
[625,338,733,588]
[622,338,730,588]
[618,339,726,589]
[615,341,723,591]
[612,342,720,592]
[609,343,717,593]
[606,344,714,594]
[603,345,711,595]
[600,346,708,596]
[597,346,705,596]
[594,345,702,595]
[590,344,698,594]
[586,343,694,593]
[582,342,690,592]
[577,341,685,591]
[573,340,681,590]
[568,340,676,590]
[564,339,672,589]
[560,339,668,589]
[556,340,664,590]
[554,340,662,590]
[552,341,660,591]
[550,341,658,591]
[548,341,656,591]
[546,341,654,591]
[544,340,652,590]
[541,339,649,589]
[539,338,647,588]
[537,337,645,587]
[535,336,643,586]
[533,335,641,585]
[531,335,639,585]
[528,335,636,585]
[526,337,634,587]
[524,339,632,589]
[522,343,630,593]
[520,347,628,597]
[519,350,627,600]
[519,353,627,603]
[519,355,627,605]
[519,357,627,607]
[519,358,627,608]
[519,359,627,609]
[520,360,628,610]
[520,361,628,611]
[520,362,628,612]
[521,362,629,612]
[521,362,629,612]
[521,363,629,613]
[521,365,629,615]
[522,367,630,617]
[524,368,632,618]
[526,369,634,619]
[527,370,635,620]
[529,371,637,621]
[531,371,639,621]
[532,371,640,621]
[534,370,642,620]
[536,368,644,618]
[537,367,645,617]
[539,364,647,614]
[540,362,648,612]
[541,361,649,611]
[542,359,650,609]
[541,359,649,609]
[541,359,649,609]
[541,360,649,610]
[541,362,649,612]
[541,364,649,614]
[542,365,650,615]
[543,366,651,616]
[544,366,652,616]
[545,366,653,616]
[547,366,655,616]
[548,366,656,616]
[548,366,656,616]
[548,365,656,615]
[548,365,656,615]
[547,365,655,615]
[546,364,654,614]
[545,364,653,614]
[543,363,651,613]
[542,364,650,614]
[541,365,649,615]
[540,366,648,616]
[539,366,647,616]
[539,366,647,616]
[539,366,647,616]
[539,365,647,615]
[539,363,647,613]
[539,361,647,611]
[538,358,646,608]
[538,355,646,605]
[536,352,644,602]
[535,350,643,600]
[534,347,642,597]
[531,346,639,596]
[530,346,638,596]
[529,345,637,595]
[527,345,635,595]
[526,346,634,596]
[525,346,633,596]
[525,346,633,596]
[525,345,633,595]
[525,344,633,594]
[525,343,633,593]
[525,341,633,591]
[525,339,633,589]
[525,337,633,587]
[525,334,633,584]
[525,333,633,583]
[525,331,633,581]
[525,330,633,580]
[525,330,633,580]
[525,330,633,580]
[527,331,635,581]
[528,331,636,581]
[530,332,638,582]
[532,332,640,582]
[534,332,642,582]
[537,332,645,582]
[539,331,647,581]
[541,330,649,580]
[544,329,652,579]
[546,328,654,578]
[548,327,656,577]
[549,326,657,576]
[551,324,659,574]
[551,324,659,574]
[552,324,660,574]
[553,324,661,574]
[554,326,662,576]
[555,327,663,577]
[556,329,664,579]
[557,329,665,579]
[557,330,665,580]
[557,330,665,580]
[558,330,666,580]
[558,329,666,579]
[558,328,666,578]
[558,326,666,576]
[558,325,666,575]
[558,323,666,573]
[557,321,665,571]
[557,320,665,570]
[557,318,665,568]
[556,317,664,567]
[555,315,663,565]
[554,314,662,564]
[553,313,661,563]
[552,311,660,561]
[551,309,659,559]
[550,307,658,557]
[548,305,656,555]
[546,303,654,553]
[544,301,652,551]
[542,298,650,548]
[540,296,648,546]
[538,294,646,544]
[535,293,643,543]
[533,291,641,541]
[532,291,640,541]
[531,292,639,542]
[531,293,639,543]
[530,294,638,544]
[531,295,639,545]
[533,296,641,546]
[535,297,643,547]
[539,298,647,548]
[543,299,651,549]
[547,299,655,549]
[551,299,659,549]
[555,298,663,548]
[559,298,667,548]
[563,297,671,547]
[567,297,675,547]
[571,296,679,546]
[574,296,682,546]
[576,296,684,546]
[579,295,687,545]
[581,294,689,544]
[583,292,691,542]
[585,290,693,540]
[587,288,695,538]
[588,286,696,536]
[588,284,696,534]
[588,283,696,533]
[588,282,696,532]
[587,280,695,530]
[586,278,694,528]
[585,276,693,526]
[584,274,692,524]
[583,272,691,522]
[582,270,690,520]
[581,269,689,519]
[581,268,689,518]
[582,267,690,517]
[582,266,690,516]
[582,265,690,515]
[581,264,689,514]
[580,263,688,513]
[579,261,687,511]
[579,260,687,510]
[578,258,686,508]
[577,257,685,507]
[577,257,685,507]
[577,257,685,507]
[576,256,684,506]
[576,256,684,506]
[576,256,684,506]
[576,256,684,506]
[575,256,683,506]
[574,256,682,506]
[573,256,681,506]
[573,257,681,507]
[572,257,680,507]
[572,257,680,507]
[572,257,680,507]
[571,256,679,506]
[571,256,679,506]
[571,255,679,505]
[570,255,678,505]
[570,255,678,505]
[569,254,677,504]
[568,254,676,504]
[567,254,675,504]
[566,254,674,504]
[566,253,674,503]
[566,253,674,503]
[566,252,674,502]
[566,251,674,501]
[566,250,674,500]
[566,249,674,499]
[566,247,674,497]
[565,245,673,495]
[565,244,673,494]
[564,242,672,492]
[564,241,672,491]
[563,240,671,490]
[562,239,670,489]
[562,238,670,488]
[562,238,670,488]
[562,237,670,487]
[562,236,670,486]
[562,236,670,486]
[562,236,670,486]
[563,235,671,485]
[563,234,671,484]
[564,233,672,483]
[565,232,673,482]
[566,231,674,481]
[567,230,675,480]
[568,229,676,479]
[569,228,677,478]
[570,227,678,477]
[570,227,678,477]
[571,227,679,477]
[572,227,680,477]
[573,228,681,478]
[574,228,682,478]
[575,229,683,479]
[577,229,685,479]
[578,229,686,479]
[579,228,687,478]
[580,228,688,478]
[581,227,689,477]
[582,227,690,477]
[582,226,690,476]
[583,226,691,476]
[583,226,691,476]
[583,226,691,476]
[583,226,691,476]
[584,226,692,476]
[584,226,692,476]
[584,226,692,476]
[584,226,692,476]
[585,227,693,477]
[585,227,693,477]
[584,227,692,477]
[584,227,692,477]
[585,226,693,476]
[585,225,693,475]
[585,225,693,475]
[585,224,693,474]
[585,223,693,473]
[586,223,694,473]
[586,222,694,472]
[586,222,694,472]
[586,222,694,472]
[587,222,695,472]
[588,222,696,472]
[589,223,697,473]
[589,223,697,473]
[590,223,698,473]
[591,223,699,473]
[592,222,700,472]
[593,222,701,472]
[594,221,702,471]
[595,220,703,470]
[596,219,704,469]
[596,218,704,468]
[597,217,705,467]
[598,218,706,468]
[598,217,706,467]
[599,217,707,467]
[599,217,707,467]
[599,217,707,467]
[600,217,708,467]
[600,217,708,467]
[600,218,708,468]
[600,218,708,468]
[600,219,708,469]
[600,219,708,469]
[600,220,708,470]
[599,219,707,469]
[599,219,707,469]
[598,219,706,469]
[597,219,705,469]
[597,219,705,469]
[596,219,704,469]
[595,219,703,469]
[594,219,702,469]
[593,220,701,470]
[592,221,700,471]
[592,222,700,472]
[591,223,699,473]
[591,225,699,475]
[591,226,699,476]
[591,227,699,477]
[591,228,699,478]
[592,229,700,479]
[592,229,700,479]
[593,230,701,480]
[594,230,702,480]
[595,230,703,480]
[596,230,704,480]
[598,230,706,480]
[600,229,708,479]
[602,229,710,479]
[604,229,712,479]
[606,229,714,479]
[608,229,716,479]
[611,229,719,479]
[614,229,722,479]
[617,229,725,479]
[620,229,728,479]
[623,228,731,478]
[626,228,734,478]
[628,228,736,478]
[631,228,739,478]
[634,228,742,478]
[636,228,744,478]
[639,228,747,478]
[641,228,749,478]
[643,228,751,478]
[645,228,753,478]
[646,228,754,478]
[647,229,755,479]
[648,229,756,479]
[649,230,757,480]
[649,230,757,480]
[650,231,758,481]
[650,232,758,482]
[650,233,758,483]
[650,234,758,484]
[650,236,758,486]
[650,237,758,487]
[650,238,758,488]
[649,240,757,490]
[648,242,756,492]
[647,243,755,493]
[646,244,754,494]
[645,245,753,495]
[644,245,752,495]
[643,245,751,495]
[642,246,750,496]
[641,246,749,496]
[640,247,748,497]
[639,247,747,497]
[638,247,746,497]
[637,247,745,497]
[636,248,744,498]
[635,249,743,499]
[634,250,742,500]
[633,251,741,501]
[632,253,740,503]
[630,254,738,504]
[629,255,737,505]
[628,256,736,506]
[627,257,735,507]
[626,257,734,507]
[625,257,733,507]
[624,257,732,507]
[623,257,731,507]
[622,257,730,507]
[620,257,728,507]
[619,257,727,507]
[618,257,726,507]
[616,257,724,507]
[615,257,723,507]
[613,258,721,508]
[612,258,720,508]
[611,259,719,509]
[610,261,718,511]
[609,263,717,513]
[608,265,716,515]
[607,267,715,517]
[605,269,713,519]
[603,270,711,520]
[601,271,709,521]
[599,271,707,521]
[597,271,705,521]
[595,271,703,521]
[594,271,702,521]
[593,271,701,521]
[592,271,700,521]
[592,272,700,522]
[591,272,699,522]
[591,273,699,523]
[590,274,698,524]
[590,275,698,525]
[589,277,697,527]
[589,278,697,528]
[588,280,696,530]
[588,282,696,532]
[588,283,696,533]
[588,284,696,534]
[589,284,697,534]
[590,284,698,534]
[591,284,699,534]
[592,284,700,534]
[592,286,700,536]
[592,288,700,538]
[592,287,700,537]
[592,286,700,536]
[592,285,700,535]
[592,285,700,535]
[592,285,700,535]
[592,285,700,535]
[592,285,700,535]
[592,287,700,537]
[592,289,700,539]
[593,291,701,541]
[593,293,701,543]
[593,294,701,544]
[593,295,701,545]
[593,295,701,545]
[593,295,701,545]
[592,294,700,544]
[591,293,699,543]
[591,292,699,542]
[592,291,700,541]
[592,290,700,540]
[592,288,700,538]
[593,288,701,538]
[593,287,701,537]
[594,287,702,537]
[595,288,703,538]
[595,289,703,539]
[595,291,703,541]
[595,293,703,543]
[596,295,704,545]
[596,296,704,546]
[597,297,705,547]
[598,298,706,548]
[599,298,707,548]
[600,297,708,547]
[601,297,709,547]
[602,299,710,549]
[603,301,711,551]
[604,301,712,551]
[604,300,712,550]
[604,299,712,549]
[605,296,713,546]
[605,295,713,545]
[605,295,713,545]
[605,296,713,546]
[605,298,713,548]
[605,300,713,550]
[605,303,713,553]
[605,307,713,557]
[604,309,712,559]
[603,310,711,560]
[602,311,710,561]
[600,311,708,561]
[597,309,705,559]
[595,308,703,558]
[594,308,702,558]
[593,308,701,558]
[593,308,701,558]
[592,307,700,557]
[591,307,699,557]
[590,308,698,558]
[590,309,698,559]
[590,310,698,560]
[590,311,698,561]
[590,313,698,563]
[589,315,697,565]
[589,317,697,567]
[588,320,696,570]
[588,324,696,574]
[588,327,696,577]
[589,329,697,579]
[589,330,697,580]
[589,330,697,580]
[589,330,697,580]
[586,334,694,584]
[583,334,691,584]
[581,333,689,583]
[579,332,687,582]
[574,331,682,581]
[569,331,677,581]
[565,332,673,582]
[563,333,671,583]
[563,335,671,585]
[563,338,671,588]
[565,341,673,591]
[567,345,675,595]
[570,350,678,600]
[572,354,680,604]
[572,357,680,607]
[571,360,679,610]
[570,363,678,613]
[569,364,677,614]
[569,364,677,614]
[571,364,679,614]
[575,365,683,615]
[580,367,688,617]
[586,368,694,618]
[592,370,700,620]
[598,372,706,622]
[603,374,711,624]
[607,376,715,626]
[611,379,719,629]
[615,382,723,632]
[618,386,726,636]
[620,391,728,641]
[620,397,728,647]
[620,403,728,653]
[618,408,726,658]
[614,410,722,660]
[612,411,720,661]
[610,410,718,660]
[607,409,715,659]
[602,409,710,659]
[596,409,704,659]
[589,408,697,658]
[582,408,690,658]
[576,408,684,658]
[570,411,678,661]
[567,415,675,665]
[565,420,673,670]
[565,426,673,676]
[567,432,675,682]
[571,440,679,690]
[576,448,684,698]
[581,457,689,707]
[589,465,697,715]
[599,470,707,720]
[609,472,717,722]
[616,471,724,721]
[621,467,729,717]
[624,462,732,712]
[626,459,734,709]
[627,456,735,706]
[626,454,734,704]
[625,453,733,703]
[623,452,731,702]
[621,453,729,703]
[620,455,728,705]
[619,459,727,709]
[618,463,726,713]
[617,468,725,718]
[614,472,722,722]
[611,474,719,724]
[608,477,716,727]
[602,475,710,725]
[597,472,705,722]
[589,470,697,720]
[580,467,688,717]
[569,467,677,717]
[556,465,664,715]
[543,461,651,711]
[529,455,637,705]
[521,448,629,698]
[510,442,618,692]
[513,427,621,677]
[504,425,612,675]
[496,425,604,675]
[492,427,600,677]
[492,431,600,681]
[496,434,604,684]
[503,438,611,688]
[514,441,622,691]
[527,442,635,692]
[540,443,648,693]
[546,444,654,694]
[561,442,669,692]
[575,439,683,689]
[588,436,696,686]
[599,434,707,684]
[601,433,709,683]
[603,434,711,684]
[607,436,715,686]
[611,439,719,689]
[615,444,723,694]
[617,448,725,698]
[616,451,724,701]
[614,453,722,703]
[609,453,717,703]
[603,456,711,706]
[606,445,714,695]
[594,441,702,691]
[580,439,688,689]
[563,437,671,687]
[574,440,682,690]
[575,438,683,688]
[578,438,686,688]
[580,438,688,688]
[584,439,692,689]
[585,440,693,690]
[584,443,692,693]
[582,445,690,695]
[580,448,688,698]
[577,451,685,701]
[572,453,680,703]
[565,454,673,704]
[554,456,662,706]
[539,456,647,706]
[528,454,636,704]
[518,450,626,700]
[508,445,616,695]
[499,439,607,689]
[495,434,603,684]
[492,430,600,680]
[490,427,598,677]
[490,426,598,676]
[492,428,600,678]
[494,433,602,683]
[496,439,604,689]
[500,445,608,695]
[497,445,605,695]
[491,445,599,695]
[484,444,592,694]
[481,441,589,691]
[481,438,589,688]
[483,436,591,686]
[484,436,592,686]
[489,434,597,684]
[497,434,605,684]
[506,434,614,684]
[499,406,607,656]
[499,404,607,654]
[498,403,606,653]
[499,404,607,654]
[501,406,609,656]
[503,410,611,660]
[506,416,614,666]
[507,419,615,669]
[507,420,615,670]
[503,419,611,669]
[498,417,606,667]
[495,414,603,664]
[496,412,604,662]
[497,410,605,660]
[505,413,613,663]
[519,412,627,662]
[492,425,600,675]
[488,419,596,669]
[486,415,594,665]
[486,413,594,663]
[487,413,595,663]
[490,417,598,667]
[493,423,601,673]
[497,429,605,679]
[497,431,605,681]
[494,431,602,681]
[489,431,597,681]
[484,429,592,679]
[481,428,589,678]
[483,426,591,676]
[484,424,592,674]
[488,424,596,674]
[494,424,602,674]
[502,424,610,674]
[510,424,618,674]
[505,397,613,647]
[504,397,612,647]
[503,397,611,647]
[504,399,612,649]
[506,403,614,653]
[510,410,618,660]
[511,414,619,664]
[511,416,619,666]
[510,416,618,666]
[506,413,614,663]
[505,410,613,660]
[506,406,614,656]
[509,408,617,658]
[510,406,618,656]
[510,401,618,651]
[513,398,621,648]
[518,397,626,647]
[530,397,638,647]
[541,398,649,648]
[552,399,660,649]
[561,401,669,651]
[570,404,678,654]
[578,408,686,658]
[585,412,693,662]
[590,414,698,664]
[594,414,702,664]
[595,413,703,663]
[594,410,702,660]
[591,406,699,656]
[586,403,694,653]
[580,401,688,651]
[572,398,680,648]
[569,393,677,643]
[562,391,670,641]
[555,389,663,639]
[556,389,664,639]
[557,390,665,640]
[559,391,667,641]
[562,394,670,644]
[565,397,673,647]
[567,400,675,650]
[568,402,676,652]
[568,403,676,653]
[567,403,675,653]
[566,402,674,652]
[566,400,674,650]
[568,397,676,647]
[569,394,677,644]
[573,391,681,641]
[583,390,691,640]
[592,390,700,640]
[601,391,709,641]
[610,392,718,642]
[618,394,726,644]
[625,396,733,646]
[632,398,740,648]
[638,402,746,652]
[641,405,749,655]
[642,405,750,655]
[642,406,750,656]
[639,406,747,656]
[635,405,743,655]
[630,402,738,652]
[623,399,731,649]
[615,396,723,646]
[607,392,715,642]
[599,387,707,637]
[606,387,714,637]
[613,387,721,637]
[618,387,726,637]
[620,387,728,637]
[622,388,730,638]
[624,389,732,639]
[627,390,735,640]
[628,392,736,642]
[628,393,736,643]
[627,394,735,644]
[625,394,733,644]
[623,393,731,643]
[620,392,728,642]
[622,390,730,640]
[625,388,733,638]
[618,384,726,634]
[617,381,725,631]
[625,379,733,629]
[632,378,740,628]
[639,379,747,629]
[644,379,752,629]
[649,380,757,630]
[654,383,762,633]
[659,385,767,635]
[663,387,771,637]
[666,389,774,639]
[668,390,776,640]
[669,390,777,640]
[669,390,777,640]
[668,389,776,639]
[667,388,775,638]
[666,386,774,636]
[664,384,772,634]
[661,381,769,631]
[659,378,767,628]
[655,375,763,625]
[658,373,766,623]
[666,373,774,623]
[672,373,780,623]
[678,374,786,624]
[682,375,790,625]
[687,377,795,627]
[690,378,798,628]
[692,379,800,629]
[693,380,801,630]
[694,380,802,630]
[694,379,802,629]
[695,378,803,628]
[693,375,801,625]
[691,373,799,623]
[686,368,794,618]
[682,364,790,614]
[680,362,788,612]
[677,360,785,610]
[676,360,784,610]
[673,360,781,610]
[671,361,779,611]
[668,363,776,613]
[666,365,774,615]
[662,367,770,617]
[656,367,764,617]
[650,367,758,617]
[644,365,752,615]
[639,362,747,612]
[635,361,743,611]
[630,360,738,610]
[626,359,734,609]
[623,357,731,607]
[621,356,729,606]
[619,355,727,605]
[615,353,723,603]
[611,351,719,601]
[608,350,716,600]
[603,349,711,599]
[595,346,703,596]
[588,344,696,594]
[585,344,693,594]
[582,344,690,594]
[580,345,688,595]
[578,345,686,595]
[576,345,684,595]
[574,343,682,593]
[573,342,681,592]
[573,341,681,591]
[574,340,682,590]
[574,339,682,589]
[574,338,682,588]
[574,338,682,588]
[573,337,681,587]
[572,337,680,587]
[572,338,680,588]
[571,338,679,588]
[571,338,679,588]
[571,338,679,588]
[571,338,679,588]
[572,338,680,588]
[572,338,680,588]
[573,338,681,588]
[573,338,681,588]
[573,337,681,587]
[573,334,681,584]
[573,331,681,581]
[572,329,680,579]
[572,328,680,578]
[572,327,680,577]
[572,327,680,577]
[572,327,680,577]
[572,328,680,578]
[572,329,680,579]
[572,330,680,580]
[572,330,680,580]
[572,331,680,581]
[572,331,680,581]
[572,331,680,581]
[571,331,679,581]
[571,331,679,581]
[570,330,678,580]
[570,330,678,580]
[570,330,678,580]
[569,329,677,579]
[568,329,676,579]
[568,329,676,579]
[567,329,675,579]
[566,329,674,579]
[566,329,674,579]
[565,329,673,579]
[564,330,672,580]
[564,330,672,580]
[563,330,671,580]
[563,331,671,581]
[563,331,671,581]
[562,330,670,580]
[561,329,669,579]
[560,328,668,578]
[559,327,667,577]
[558,326,666,576]
[557,325,665,575]
[556,325,664,575]
[555,326,663,576]
[555,327,663,577]
[555,327,663,577]
[554,327,662,577]
[553,328,661,578]
[553,328,661,578]
[552,329,660,579]
[551,329,659,579]
[551,329,659,579]
[551,328,659,578]
[551,327,659,577]
[551,326,659,576]
[551,325,659,575]
[551,324,659,574]
[551,324,659,574]
[551,325,659,575]
[551,325,659,575]
[552,325,660,575]
[552,325,660,575]
[553,326,661,576]
[553,326,661,576]
[554,326,662,576]
[554,326,662,576]
[555,326,663,576]
[555,326,663,576]
[555,326,663,576]
[556,325,664,575]
[556,325,664,575]
[556,325,664,575]
[556,325,664,575]
[556,325,664,575]
[556,325,664,575]
[556,325,664,575]
[557,325,665,575]
[557,325,665,575]
[557,325,665,575]
[557,325,665,575]
[557,325,665,575]
[557,325,665,575]
[557,325,665,575]
[557,325,665,575]
[557,324,665,574]
[557,324,665,574]
[557,323,665,573]
[557,323,665,573]
[557,322,665,572]
[557,321,665,571]
[558,321,666,571]
[558,321,666,571]
[558,321,666,571]
[559,320,667,570]
[559,320,667,570]
[559,320,667,570]
[560,320,668,570]
[560,320,668,570]
[561,320,669,570]
[561,320,669,570]
[562,319,670,569]
[562,319,670,569]
[562,319,670,569]
[562,318,670,568]
[562,318,670,568]
[563,318,671,568]
[563,317,671,567]
[564,317,672,567]
[564,317,672,567]
[564,317,672,567]
[564,317,672,567]
[564,317,672,567]
[564,317,672,567]
[564,317,672,567]
[564,317,672,567]
[564,317,672,567]
[564,317,672,567]
[564,317,672,567]
[564,317,672,567]
