[567, 311, 641, 555] 
[567, 311, 641, 555] 
[566, 310, 642, 551] 
[566, 312, 644, 551] 
[565, 312, 644, 550] 
[565, 309, 642, 550] 
[566, 309, 642, 550] 
[566, 308, 641, 550] 
[565, 308, 641, 546] 
[565, 309, 643, 546] 
[567, 305, 642, 547] 
[564, 306, 641, 546] 
[563, 300, 641, 544] 
[563, 305, 643, 544] 
[561, 301, 642, 542] 
[565, 302, 641, 544] 
[565, 299, 642, 544] 
[561, 300, 642, 540] 
[564, 300, 642, 542] 
[567, 299, 641, 537] 
[567, 298, 643, 538] 
[564, 297, 643, 540] 
[566, 295, 643, 540] 
[568, 296, 642, 535] 
[566, 294, 643, 536] 
[569, 289, 644, 536] 
[569, 291, 643, 534] 
[569, 288, 645, 534] 
[570, 288, 646, 531] 
[569, 287, 647, 532] 
[569, 285, 649, 532] 
[570, 287, 651, 532] 
[569, 287, 649, 532] 
[567, 285, 649, 535] 
[572, 285, 651, 532] 
[572, 280, 649, 532] 
[571, 284, 652, 536] 
[573, 285, 652, 536] 
[572, 284, 652, 536] 
[572, 285, 652, 536] 
[572, 284, 653, 537] 
[572, 282, 651, 539] 
[571, 285, 654, 538] 
[571, 283, 656, 542] 
[571, 283, 652, 538] 
[572, 283, 651, 540] 
[572, 283, 655, 544] 
[571, 282, 652, 542] 
[567, 282, 655, 541] 
[571, 282, 656, 546] 
[568, 280, 654, 545] 
[569, 279, 655, 543] 
[569, 280, 653, 543] 
[569, 276, 654, 543] 
[569, 276, 653, 543] 
[569, 277, 652, 543] 
[568, 277, 655, 541] 
[568, 275, 655, 541] 
[568, 275, 654, 542] 
[567, 273, 656, 544] 
[567, 273, 658, 540] 
[568, 271, 655, 544] 
[569, 269, 654, 543] 
[569, 270, 654, 543] 
[570, 270, 654, 542] 
[570, 269, 656, 542] 
[570, 265, 656, 540] 
[570, 266, 660, 541] 
[569, 262, 659, 540] 
[569, 264, 660, 540] 
[572, 259, 665, 541] 
[571, 260, 665, 541] 
[572, 260, 666, 540] 
[573, 265, 663, 542] 
[572, 263, 663, 542] 
[574, 261, 668, 541] 
[575, 257, 671, 547] 
[572, 259, 666, 543] 
[573, 260, 668, 545] 
[574, 261, 668, 545] 
[575, 263, 665, 547] 
[574, 258, 667, 548] 
[574, 255, 666, 546] 
[575, 252, 666, 549] 
[573, 255, 668, 550] 
[576, 251, 669, 549] 
[571, 250, 668, 554] 
[572, 250, 665, 551] 
[573, 245, 667, 551] 
[571, 245, 667, 553] 
[569, 247, 669, 554] 
[571, 245, 666, 551] 
[569, 243, 666, 551] 
[569, 243, 665, 555] 
[566, 243, 669, 553] 
[571, 239, 670, 555] 
[568, 241, 666, 553] 
[570, 239, 668, 553] 
[570, 241, 667, 551] 
[567, 236, 668, 555] 
[566, 236, 670, 555] 
[570, 238, 672, 558] 
[567, 237, 672, 551] 
[571, 236, 671, 551] 
[571, 235, 669, 552] 
[571, 225, 673, 552] 
[570, 225, 674, 553] 
[572, 225, 673, 551] 
[572, 225, 674, 551] 
[570, 223, 674, 554] 
[569, 219, 675, 554] 
[573, 219, 674, 552] 
[571, 216, 675, 554] 
[569, 214, 675, 555] 
[571, 216, 674, 553] 
[567, 217, 678, 555] 
[570, 218, 674, 554] 
[573, 215, 674, 558] 
[571, 212, 677, 553] 
[569, 212, 677, 557] 
[572, 212, 677, 556] 
[572, 208, 680, 556] 
[572, 207, 680, 557] 
[573, 203, 682, 562] 
[578, 205, 681, 559] 
[574, 200, 682, 558] 
[574, 203, 690, 558] 
[578, 198, 687, 563] 
[575, 198, 690, 563] 
[578, 199, 692, 566] 
[581, 201, 690, 565] 
[582, 200, 694, 567] 
[580, 194, 696, 573] 
[585, 199, 697, 577] 
[582, 195, 695, 572] 
[585, 195, 698, 577] 
[585, 198, 701, 578] 
[589, 196, 701, 581] 
[590, 196, 706, 585] 
[591, 191, 708, 583] 
[593, 196, 709, 581] 
[595, 194, 713, 585] 
[596, 196, 719, 587] 
[600, 192, 721, 592] 
[602, 193, 725, 597] 
[600, 192, 727, 596] 
[604, 196, 727, 607] 
[606, 199, 728, 609] 
[606, 195, 732, 611] 
[607, 195, 731, 617] 
[608, 199, 734, 617] 
[607, 196, 737, 621] 
[609, 200, 735, 620] 
[609, 198, 740, 620] 
[610, 197, 738, 624] 
[613, 200, 742, 627] 
[615, 197, 741, 629] 
[610, 193, 740, 627] 
[612, 190, 746, 632] 
[612, 191, 744, 634] 
[613, 190, 746, 637] 
[615, 194, 746, 635] 
[613, 190, 748, 641] 
[612, 182, 755, 649] 
[612, 182, 753, 651] 
[611, 182, 759, 651] 
[615, 184, 761, 654] 
[619, 184, 759, 655] 
[620, 182, 758, 655] 
[618, 183, 759, 660] 
[616, 179, 761, 663] 
[620, 180, 762, 664] 
[616, 178, 770, 665] 
[619, 180, 766, 668] 
[620, 176, 768, 664] 
[622, 176, 768, 672] 
[621, 175, 769, 672] 
[623, 171, 769, 676] 
[623, 169, 774, 678] 
[621, 174, 772, 682] 
[623, 169, 776, 681] 
[615, 170, 777, 691] 
[616, 170, 772, 694] 
[614, 173, 779, 697] 
[616, 172, 767, 699] 
[614, 169, 770, 702] 
[608, 174, 776, 703] 
[610, 164, 773, 703] 
[608, 172, 770, 703] 
[604, 172, 773, 704] 
[603, 169, 774, 704] 
[602, 164, 773, 704] 
[596, 158, 773, 704] 
[604, 163, 771, 702] 
[595, 164, 770, 704] 
[596, 163, 767, 703] 
[596, 159, 773, 704] 
[593, 159, 770, 704] 
[593, 158, 768, 704] 
[593, 156, 772, 703] 
[598, 160, 774, 704] 
[592, 157, 777, 703] 
[589, 147, 779, 704] 
[597, 154, 784, 703] 
[591, 152, 779, 703] 
[601, 147, 790, 704] 
[597, 147, 785, 704] 
[597, 139, 785, 704] 
[596, 139, 786, 703] 
[598, 136, 786, 703] 
[598, 136, 790, 704] 
[595, 134, 790, 704] 
[594, 129, 789, 703] 
[600, 126, 789, 703] 
[600, 126, 796, 704] 
[598, 112, 796, 704] 
[597, 116, 803, 704] 
[600, 121, 803, 704] 
[600, 121, 806, 703] 
[606, 113, 813, 704] 
[612, 116, 811, 704] 
[611, 111, 814, 704] 
[614, 111, 814, 704] 
[609, 109, 820, 703] 
[616, 107, 820, 703] 
[614, 107, 821, 703] 
[615, 105, 823, 703] 
[608, 108, 823, 701] 
[616, 102, 818, 704] 
[616, 102, 822, 704] 
[613, 108, 824, 703] 
[617, 97, 826, 697] 
[617, 97, 821, 704] 
[612, 102, 821, 698] 
[612, 95, 822, 703] 
[615, 89, 821, 704] 
[611, 89, 816, 703] 
[608, 86, 824, 703] 
[606, 80, 815, 703] 
[607, 72, 811, 698] 
[598, 71, 811, 703] 
[594, 68, 808, 703] 
[591, 65, 804, 704] 
[594, 60, 803, 703] 
[592, 65, 802, 704] 
[587, 64, 806, 704] 
[589, 62, 798, 703] 
[591, 60, 798, 703] 
[591, 60, 800, 703] 
[590, 59, 798, 703] 
[590, 59, 802, 703] 
[582, 52, 806, 704] 
[589, 54, 807, 702] 
[589, 54, 805, 703] 
[591, 52, 805, 703] 
[592, 46, 806, 704] 
[598, 46, 811, 703] 
[598, 51, 806, 704] 
[609, 41, 813, 703] 
[608, 48, 816, 703] 
[615, 45, 816, 703] 
[610, 45, 821, 703] 
[617, 44, 821, 703] 
[612, 45, 828, 703] 
[619, 45, 830, 704] 
[619, 45, 829, 703] 
[619, 40, 838, 704] 
[623, 39, 838, 704] 
[623, 39, 839, 703] 
[627, 35, 840, 703] 
[634, 32, 840, 703] 
[633, 28, 837, 703] 
[636, 21, 837, 703] 
[635, 21, 843, 703] 
[636, 21, 843, 703] 
[636, 15, 842, 703] 
[629, 17, 842, 703] 
[629, 17, 845, 704] 
[631, 18, 845, 704] 
[629, 20, 840, 703] 
[636, 19, 843, 703] 
[630, 22, 840, 703] 
[634, 26, 840, 703] 
[634, 26, 839, 703] 
[632, 28, 841, 704] 
[635, 28, 841, 703] 
[635, 28, 842, 704] 
[635, 28, 842, 703] 
[632, 27, 843, 704] 
[632, 23, 843, 704] 
[633, 24, 842, 704] 
[633, 24, 840, 703] 
[631, 25, 840, 703] 
[624, 24, 841, 703] 
[631, 27, 845, 703] 
[631, 27, 843, 704] 
[631, 30, 843, 704] 
[626, 32, 849, 703] 
[633, 31, 852, 703] 
[628, 26, 847, 703] 
[631, 23, 841, 703] 
[632, 22, 844, 703] 
[630, 19, 847, 703] 
[628, 18, 846, 703] 
[618, 12, 845, 703] 
[626, 19, 848, 704] 
[626, 15, 836, 704] 
[617, 11, 843, 703] 
[617, 14, 840, 704] 
[613, 13, 828, 704] 
[614, 17, 831, 704] 
[610, 15, 823, 703] 
[604, 13, 823, 703] 
[601, 17, 819, 703] 
[600, 18, 814, 704] 
[596, 17, 816, 704] 
[592, 15, 806, 703] 
[582, 18, 800, 704] 
[590, 17, 796, 703] 
[579, 14, 796, 703] 
[578, 13, 792, 704] 
[575, 18, 783, 703] 
[563, 15, 783, 703] 
[561, 17, 770, 704] 
[572, 19, 770, 704] 
[569, 18, 767, 703] 
[550, 21, 767, 703] 
[550, 21, 760, 703] 
[562, 19, 760, 703] 
[543, 25, 760, 703] 
[552, 26, 760, 703] 
[549, 22, 758, 704] 
[548, 19, 756, 703] 
[544, 17, 749, 703] 
[546, 18, 745, 703] 
[537, 19, 738, 703] 
[537, 15, 742, 703] 
[534, 16, 736, 703] 
[536, 17, 737, 703] 
[532, 10, 734, 704] 
[532, 17, 733, 703] 
[521, 23, 725, 704] 
[530, 23, 727, 704] 
[523, 25, 726, 703] 
[522, 29, 725, 703] 
[526, 32, 724, 703] 
[528, 30, 724, 703] 
[531, 34, 723, 700] 
[528, 28, 721, 703] 
[530, 35, 722, 702] 
[532, 35, 722, 703] 
[531, 34, 722, 702] 
[533, 36, 726, 703] 
[533, 39, 725, 704] 
[535, 40, 723, 703] 
[532, 41, 730, 703] 
[538, 43, 726, 704] 
[541, 45, 734, 703] 
[540, 47, 736, 704] 
[542, 47, 737, 700] 
[548, 48, 735, 703] 
[547, 49, 738, 704] 
[546, 49, 738, 704] 
[549, 47, 746, 702] 
[554, 54, 741, 703] 
[553, 47, 741, 703] 
[553, 47, 747, 702] 
[558, 48, 749, 700] 
[553, 48, 751, 703] 
[559, 39, 751, 703] 
[558, 40, 753, 704] 
[563, 39, 754, 703] 
[566, 36, 752, 703] 
[560, 44, 754, 703] 
[560, 40, 752, 703] 
[559, 39, 757, 703] 
[564, 41, 759, 704] 
[560, 42, 767, 704] 
[562, 42, 761, 703] 
[567, 40, 769, 704] 
[563, 45, 766, 704] 
[566, 43, 764, 703] 
[565, 43, 768, 704] 
[563, 47, 768, 704] 
[564, 44, 766, 703] 
[562, 45, 761, 703] 
[565, 48, 760, 704] 
[557, 50, 765, 703] 
[555, 46, 763, 703] 
[554, 50, 761, 703] 
[556, 51, 759, 703] 
[555, 50, 760, 704] 
[560, 53, 759, 702] 
[549, 49, 759, 700] 
[550, 53, 765, 704] 
[557, 52, 766, 703] 
[557, 52, 757, 704] 
[556, 49, 755, 704] 
[556, 49, 762, 703] 
[550, 48, 761, 702] 
[550, 48, 760, 703] 
[552, 47, 759, 704] 
[551, 45, 763, 703] 
[544, 38, 754, 703] 
[544, 38, 755, 702] 
[545, 44, 754, 704] 
[545, 44, 755, 703] 
[538, 44, 754, 703] 
[538, 44, 753, 703] 
[539, 45, 750, 703] 
[534, 46, 754, 702] 
[541, 47, 755, 704] 
[540, 47, 757, 698] 
[538, 39, 765, 704] 
[538, 38, 762, 699] 
[537, 41, 749, 703] 
[537, 41, 756, 702] 
[536, 38, 755, 704] 
[535, 35, 756, 703] 
[539, 37, 756, 704] 
[539, 37, 758, 703] 
[535, 33, 755, 704] 
[532, 40, 752, 703] 
[537, 41, 757, 703] 
[539, 42, 761, 704] 
[540, 46, 770, 703] 
[542, 48, 763, 703] 
[541, 44, 769, 704] 
[549, 44, 771, 702] 
[550, 43, 771, 697] 
[554, 42, 774, 700] 
[554, 42, 780, 700] 
[555, 48, 781, 704] 
[554, 47, 783, 703] 
[554, 48, 781, 703] 
[554, 48, 782, 699] 
[558, 49, 783, 692] 
[557, 49, 783, 704] 
[557, 49, 786, 703] 
[559, 51, 783, 704] 
[557, 56, 787, 704] 
[559, 61, 792, 703] 
[559, 60, 789, 703] 
[559, 57, 793, 703] 
[558, 57, 793, 703] 
[558, 57, 789, 703] 
[561, 61, 787, 703] 
[554, 63, 789, 703] 
[561, 65, 785, 703] 
[558, 64, 781, 704] 
[558, 63, 780, 703] 
[559, 69, 785, 704] 
[558, 66, 779, 704] 
[558, 61, 773, 704] 
[558, 64, 773, 703] 
[558, 64, 781, 703] 
[557, 62, 771, 704] 
[550, 64, 776, 703] 
[557, 62, 768, 703] 
[555, 63, 765, 703] 
[552, 63, 768, 704] 
[552, 64, 770, 703] 
[548, 61, 769, 701] 
[545, 61, 759, 703] 
[544, 67, 751, 704] 
[544, 72, 758, 703] 
[539, 68, 749, 704] 
[541, 71, 754, 703] 
[534, 76, 741, 703] 
[539, 77, 748, 703] 
[534, 80, 751, 703] 
[534, 83, 743, 703] 
[541, 88, 745, 703] 
[541, 92, 747, 704] 
[552, 98, 747, 704] 
[552, 98, 745, 700] 
[560, 103, 748, 703] 
[562, 104, 746, 704] 
[566, 102, 748, 703] 
[569, 108, 756, 703] 
[575, 111, 755, 703] 
[582, 113, 754, 703] 
[572, 116, 759, 703] 
[570, 110, 763, 702] 
[578, 104, 759, 703] 
[577, 116, 759, 702] 
[586, 120, 771, 695] 
[586, 116, 758, 699] 
[593, 113, 759, 692] 
[587, 110, 763, 693] 
[596, 115, 765, 688] 
[594, 116, 760, 680] 
[584, 112, 761, 678] 
[592, 109, 759, 681] 
[592, 115, 757, 670] 
[597, 116, 762, 668] 
[595, 113, 758, 667] 
[598, 115, 752, 661] 
[597, 112, 756, 655] 
[595, 109, 759, 645] 
[597, 113, 752, 638] 
[595, 118, 750, 632] 
[595, 108, 744, 632] 
[596, 115, 735, 630] 
[590, 109, 720, 631] 
[589, 115, 717, 631] 
[588, 118, 708, 628] 
[582, 118, 710, 625] 
[587, 120, 709, 616] 
[585, 119, 705, 617] 
[586, 123, 708, 618] 
[588, 122, 703, 611] 
[588, 122, 709, 603] 
[585, 130, 704, 600] 
[584, 125, 704, 601] 
[576, 128, 703, 605] 
[580, 124, 703, 607] 
[580, 125, 702, 598] 
[578, 130, 695, 597] 
[579, 134, 695, 592] 
[579, 126, 699, 592] 
[575, 141, 693, 592] 
[580, 142, 696, 586] 
[579, 141, 695, 589] 
[574, 142, 696, 582] 
[577, 141, 701, 583] 
[572, 149, 696, 582] 
[570, 141, 696, 593] 
[573, 146, 701, 594] 
[573, 144, 702, 585] 
[574, 147, 699, 582] 
[566, 145, 703, 577] 
[566, 150, 695, 579] 
[570, 147, 696, 582] 
[568, 147, 696, 575] 
[568, 149, 699, 575] 
[561, 149, 699, 568] 
[561, 154, 695, 568] 
[561, 154, 694, 565] 
[561, 153, 691, 565] 
[558, 153, 691, 557] 
[559, 153, 690, 557] 
[562, 153, 690, 545] 
[562, 152, 689, 548] 
[561, 145, 687, 553] 
[559, 145, 687, 541] 
[561, 145, 683, 542] 
[563, 145, 683, 534] 
[564, 145, 682, 536] 
[563, 145, 682, 537] 
[561, 151, 682, 537] 
[562, 146, 684, 540] 
[561, 146, 683, 533] 
[561, 147, 684, 533] 
[558, 147, 684, 530] 
[561, 152, 680, 531] 
[563, 151, 681, 525] 
[570, 148, 686, 524] 
[573, 147, 688, 530] 
[570, 154, 686, 531] 
[572, 150, 685, 521] 
[572, 149, 689, 517] 
[573, 149, 689, 512] 
[573, 152, 691, 513] 
[582, 156, 688, 517] 
[584, 156, 691, 518] 
[580, 153, 696, 514] 
[579, 160, 692, 512] 
[583, 157, 695, 512] 
[583, 150, 696, 512] 
[586, 159, 699, 504] 
[585, 155, 698, 509] 
[587, 155, 701, 510] 
[593, 163, 695, 509] 
[589, 159, 696, 513] 
[589, 159, 699, 503] 
[595, 157, 701, 499] 
[596, 157, 701, 501] 
[590, 162, 697, 513] 
[594, 162, 697, 500] 
[594, 159, 705, 500] 
[593, 168, 700, 500] 
[597, 167, 701, 503] 
[597, 167, 698, 499] 
[596, 167, 698, 492] 
[597, 171, 697, 502] 
[597, 167, 699, 502] 
[598, 167, 699, 496] 
[598, 172, 693, 495] 
[598, 172, 693, 492] 
[598, 170, 696, 486] 
[599, 164, 697, 489] 
[599, 164, 697, 488] 
[599, 172, 697, 488] 
[597, 172, 697, 484] 
[597, 169, 695, 484] 
[603, 169, 695, 484] 
[603, 170, 702, 483] 
[605, 170, 702, 482] 
[604, 174, 700, 479] 
[612, 174, 700, 481] 
[606, 180, 698, 480] 
[609, 180, 698, 477] 
[609, 174, 701, 475] 
[610, 171, 697, 477] 
[608, 173, 703, 482] 
[608, 177, 707, 475] 
[604, 174, 703, 475] 
[610, 174, 703, 474] 
[610, 175, 705, 474] 
[615, 175, 705, 469] 
[615, 169, 705, 469] 
[611, 174, 704, 473] 
[610, 174, 704, 469] 
[610, 167, 707, 470] 
[612, 179, 701, 466] 
[616, 181, 701, 468] 
[616, 180, 702, 468] 
[617, 180, 702, 471] 
[617, 184, 704, 471] 
[614, 184, 704, 464] 
[612, 185, 702, 469] 
[614, 185, 702, 469] 
[612, 181, 699, 465] 
[612, 189, 697, 465] 
[609, 189, 697, 464] 
[609, 188, 694, 464] 
[608, 186, 693, 466] 
[609, 182, 696, 468] 
[609, 192, 695, 459] 
[602, 189, 697, 467] 
[602, 187, 696, 467] 
[605, 188, 696, 466] 
[608, 195, 693, 469] 
[604, 195, 692, 471] 
[600, 196, 694, 477] 
[604, 196, 693, 473] 
[604, 203, 692, 479] 
[608, 203, 692, 472] 
[607, 204, 696, 474] 
[607, 201, 696, 474] 
[611, 201, 695, 472] 
[610, 203, 698, 471] 
[614, 203, 698, 472] 
[613, 201, 705, 472] 
[618, 201, 705, 477] 
[617, 201, 714, 476] 
[619, 201, 713, 470] 
[623, 200, 711, 470] 
[621, 200, 711, 469] 
[629, 203, 718, 474] 
[634, 203, 716, 471] 
[634, 205, 724, 471] 
[629, 205, 724, 466] 
[638, 199, 730, 469] 
[641, 199, 730, 468] 
[646, 201, 738, 471] 
[650, 201, 738, 470] 
[651, 203, 740, 468] 
[656, 203, 740, 473] 
[656, 200, 747, 469] 
[658, 202, 750, 469] 
[665, 194, 752, 471] 
[667, 194, 752, 478] 
[666, 202, 751, 477] 
[667, 202, 751, 469] 
[668, 200, 754, 470] 
[668, 203, 752, 470] 
[671, 204, 753, 475] 
[667, 202, 756, 476] 
[669, 203, 757, 477] 
[666, 209, 757, 476] 
[660, 208, 757, 476] 
[660, 208, 757, 480] 
[656, 209, 757, 480] 
[655, 209, 761, 491] 
[654, 215, 761, 491] 
[651, 218, 760, 489] 
[649, 217, 762, 489] 
[649, 217, 760, 495] 
[648, 208, 760, 495] 
[645, 213, 762, 493] 
[648, 215, 759, 491] 
[650, 216, 760, 491] 
[641, 211, 761, 491] 
[642, 212, 758, 493] 
[640, 213, 759, 493] 
[637, 207, 753, 496] 
[640, 212, 755, 503] 
[636, 205, 754, 503] 
[636, 205, 748, 501] 
[634, 212, 748, 509] 
[631, 212, 748, 514] 
[629, 212, 748, 514] 
[631, 213, 753, 517] 
[631, 210, 749, 519] 
[633, 214, 746, 518] 
[632, 212, 746, 518] 
[628, 208, 751, 521] 
[627, 204, 751, 521] 
[624, 203, 748, 518] 
[622, 207, 749, 524] 
[620, 207, 749, 523] 
[620, 203, 747, 523] 
[621, 203, 745, 518] 
[621, 205, 745, 518] 
[614, 203, 743, 524] 
[621, 205, 743, 536] 
[607, 205, 743, 528] 
[620, 208, 740, 531] 
[606, 210, 740, 538] 
[605, 208, 737, 539] 
[609, 209, 735, 535] 
[603, 214, 728, 536] 
[604, 218, 728, 545] 
[598, 208, 723, 552] 
[604, 208, 723, 553] 
[604, 214, 715, 552] 
[598, 214, 715, 545] 
[597, 212, 712, 542] 
[595, 217, 712, 547] 
[595, 211, 708, 549] 
[597, 211, 708, 543] 
[596, 204, 707, 556] 
[591, 209, 709, 557] 
[591, 209, 716, 557] 
[587, 209, 713, 556] 
[587, 209, 710, 565] 
[587, 207, 710, 565] 
[586, 207, 716, 568] 
[579, 214, 716, 568] 
[579, 215, 716, 579] 
[586, 214, 713, 575] 
[586, 214, 722, 581] 
[583, 203, 722, 581] 
[583, 203, 723, 582] 
[584, 203, 721, 582] 
[584, 203, 725, 580] 
[591, 202, 723, 584] 
[592, 203, 722, 579] 
[593, 196, 722, 580] 
[593, 194, 721, 578] 
[593, 194, 722, 578] 
[588, 194, 721, 579] 
[588, 194, 715, 590] 
[598, 194, 713, 584] 
[598, 194, 714, 589] 
[593, 197, 713, 589] 
[592, 197, 715, 597] 
[593, 186, 715, 597] 
[593, 186, 717, 598] 
[587, 198, 717, 598] 
[587, 198, 712, 611] 
[596, 194, 712, 611] 
[596, 194, 712, 618] 
[597, 185, 711, 618] 
[596, 178, 710, 610] 
[588, 189, 714, 608] 
[593, 180, 712, 607] 
[593, 181, 710, 607] 
[587, 174, 722, 603] 
[586, 182, 714, 604] 
[585, 171, 714, 604] 
[575, 181, 719, 611] 
[579, 176, 719, 611] 
[578, 176, 725, 622] 
[571, 175, 725, 622] 
[571, 175, 724, 630] 
[568, 171, 724, 629] 
[568, 173, 728, 632] 
[560, 168, 728, 631] 
[572, 173, 727, 637] 
[572, 173, 736, 647] 
[577, 162, 736, 647] 
[577, 162, 737, 640] 
[585, 164, 739, 644] 
[588, 155, 739, 645] 
[593, 159, 743, 644] 
[591, 159, 748, 645] 
[594, 153, 748, 645] 
[594, 153, 747, 642] 
[594, 153, 746, 650] 
[598, 149, 748, 651] 
[598, 149, 753, 653] 
[596, 149, 751, 660] 
[598, 145, 751, 660] 
[600, 147, 754, 667] 
[598, 147, 754, 667] 
[599, 149, 756, 673] 
[588, 148, 759, 681] 
[588, 148, 752, 694] 
[581, 140, 753, 694] 
[581, 143, 752, 700] 
[574, 140, 751, 699] 
[574, 140, 753, 703] 
[566, 131, 753, 703] 
[567, 135, 745, 692] 
[559, 134, 745, 692] 
[559, 134, 741, 696] 
[556, 132, 749, 696] 
[556, 132, 737, 699] 
[552, 124, 751, 699] 
[553, 126, 745, 704] 
[544, 133, 753, 703] 
[544, 132, 750, 703] 
[545, 128, 753, 703] 
[544, 126, 754, 704] 
[541, 132, 759, 703] 
[543, 121, 758, 703] 
[543, 121, 761, 704] 
[546, 117, 761, 703] 
[546, 117, 765, 703] 
[549, 112, 764, 703] 
[549, 112, 774, 704] 
[562, 105, 774, 702] 
[562, 105, 771, 703] 
[570, 95, 771, 704] 
[570, 95, 780, 703] 
[571, 95, 775, 703] 
[568, 95, 776, 704] 
[570, 98, 774, 703] 
[561, 97, 776, 704] 
[561, 97, 774, 702] 
[555, 89, 771, 704] 
[565, 95, 771, 701] 
[565, 95, 775, 703] 
[558, 87, 777, 702] 
[558, 90, 777, 703] 
[540, 101, 795, 703] 
[560, 103, 804, 704] 
[560, 103, 818, 703] 
[573, 97, 817, 703] 
[573, 97, 831, 703] 
[576, 105, 829, 703] 
[570, 103, 833, 704] 
[580, 104, 829, 704] 
[578, 108, 818, 704] 
[585, 107, 805, 703] 
[577, 109, 776, 701] 
[577, 109, 785, 703] 
[584, 111, 786, 703] 
[579, 113, 796, 703] 
[572, 110, 799, 701] 
[577, 113, 799, 703] 
[581, 121, 811, 703] 
[584, 125, 819, 704] 
[591, 128, 838, 703] 
[589, 127, 839, 704] 
[603, 123, 834, 701] 
[602, 119, 830, 703] 
[608, 117, 813, 701] 
[615, 117, 808, 702] 
[604, 114, 804, 703] 
[602, 106, 784, 703] 
[597, 105, 777, 703] 
[584, 106, 776, 703] 
[579, 107, 781, 703] 
[572, 103, 787, 703] 
[577, 108, 783, 703] 
[578, 110, 793, 697] 
[569, 112, 799, 703] 
[570, 106, 800, 701] 
[570, 106, 815, 704] 
[550, 113, 818, 700] 
[551, 113, 831, 704] 
[572, 120, 830, 702] 
[572, 120, 811, 704] 
[578, 114, 795, 703] 
[580, 112, 778, 703] 
[580, 112, 761, 703] 
[579, 109, 748, 703] 
[573, 113, 755, 703] 
[565, 111, 758, 704] 
[551, 108, 766, 703] 
[551, 108, 758, 703] 
[534, 114, 760, 703] 
[539, 116, 767, 703] 
[542, 119, 771, 703] 
[547, 119, 777, 704] 
[540, 125, 790, 703] 
[535, 128, 790, 703] 
[529, 128, 794, 703] 
[514, 123, 793, 703] 
[529, 121, 788, 704] 
[529, 118, 769, 698] 
[538, 120, 753, 703] 
[540, 114, 734, 703] 
[540, 117, 735, 703] 
[540, 117, 721, 703] 
[531, 115, 721, 703] 
[531, 115, 711, 703] 
[524, 114, 702, 703] 
[522, 114, 704, 703] 
[512, 119, 717, 703] 
[514, 121, 716, 702] 
[514, 121, 734, 703] 
[506, 129, 726, 702] 
[506, 129, 751, 703] 
[512, 131, 744, 700] 
[512, 137, 746, 703] 
[519, 140, 758, 703] 
[519, 140, 752, 703] 
[528, 139, 745, 703] 
[536, 138, 717, 701] 
[536, 138, 707, 704] 
[540, 139, 703, 703] 
[539, 131, 704, 702] 
[539, 131, 718, 703] 
[537, 135, 733, 703] 
[539, 139, 750, 704] 
[536, 139, 762, 704] 
[533, 142, 769, 703] 
[533, 143, 783, 703] 
[515, 147, 786, 703] 
[515, 147, 792, 703] 
[515, 150, 791, 703] 
[517, 153, 800, 703] 
[515, 146, 809, 704] 
[515, 146, 797, 703] 
[539, 145, 801, 704] 
[539, 145, 781, 704] 
[550, 141, 764, 703] 
[551, 143, 725, 703] 
[544, 134, 715, 704] 
[528, 131, 723, 703] 
[517, 138, 731, 702] 
[503, 141, 733, 703] 
[483, 143, 740, 704] 
[480, 148, 752, 703] 
[480, 152, 756, 704] 
[470, 152, 754, 704] 
[473, 155, 762, 703] 
[467, 155, 766, 704] 
[472, 157, 752, 704] 
[479, 159, 749, 703] 
[489, 157, 737, 704] 
[506, 158, 717, 704] 
[517, 153, 715, 702] 
[539, 153, 692, 703] 
[525, 150, 681, 704] 
[521, 146, 671, 700] 
[504, 149, 692, 704] 
[503, 152, 699, 703] 
[504, 159, 711, 703] 
[495, 163, 723, 703] 
[500, 167, 732, 703] 
[493, 173, 736, 704] 
[487, 167, 748, 704] 
[485, 167, 747, 704] 
[491, 167, 753, 704] 
[494, 169, 757, 704] 
[492, 162, 750, 704] 
[496, 168, 748, 704] 
[505, 167, 742, 704] 
[520, 161, 730, 703] 
[527, 160, 720, 703] 
[533, 155, 705, 703] 
[520, 156, 690, 704] 
[502, 154, 675, 703] 
[495, 156, 677, 704] 
[466, 158, 688, 703] 
[459, 152, 711, 704] 
[447, 163, 716, 703] 
[447, 163, 726, 704] 
[443, 171, 732, 703] 
[440, 171, 736, 703] 
[440, 171, 740, 701] 
[456, 177, 746, 703] 
[455, 172, 734, 703] 
[480, 173, 729, 704] 
[472, 175, 728, 703] 
[488, 171, 719, 704] 
[515, 175, 707, 704] 
[526, 157, 695, 704] 
[524, 160, 676, 703] 
[511, 160, 671, 703] 
[506, 152, 677, 704] 
[496, 158, 683, 703] 
[504, 159, 695, 703] 
[496, 170, 721, 704] 
[476, 168, 733, 704] 
[482, 177, 747, 703] 
[484, 183, 744, 703] 
[480, 175, 753, 704] 
[495, 176, 760, 704] 
[502, 173, 756, 704] 
[504, 176, 752, 704] 
[506, 168, 749, 704] 
[520, 169, 733, 703] 
[517, 170, 738, 703] 
[535, 168, 727, 704] 
[530, 169, 710, 703] 
[512, 176, 677, 704] 
[495, 169, 675, 703] 
[483, 169, 677, 703] 
[462, 173, 677, 703] 
[454, 173, 694, 704] 
[449, 180, 697, 703] 
[445, 190, 715, 703] 
[449, 193, 721, 703] 
[451, 187, 725, 703] 
[446, 189, 731, 704] 
[453, 186, 734, 703] 
[467, 193, 732, 703] 
[473, 193, 736, 704] 
[493, 185, 718, 704] 
[510, 187, 744, 704] 
[524, 190, 718, 703] 
[528, 186, 728, 703] 
[528, 186, 700, 703] 
[524, 182, 681, 703] 
[518, 189, 685, 704] 
[518, 189, 692, 703] 
[521, 189, 705, 703] 
[519, 191, 723, 703] 
[508, 195, 733, 703] 
[506, 205, 742, 699] 
[513, 207, 765, 703] 
[518, 206, 773, 703] 
[524, 205, 777, 704] 
[538, 202, 776, 703] 
[550, 194, 801, 704] 
[563, 197, 792, 703] 
[569, 191, 778, 703] 
[581, 194, 767, 704] 
[572, 197, 758, 704] 
[556, 193, 737, 704] 
[560, 196, 732, 704] 
[551, 188, 710, 704] 
[549, 195, 711, 704] 
[543, 196, 725, 703] 
[539, 202, 741, 703] 
[534, 206, 744, 703] 
[532, 206, 763, 703] 
[533, 210, 775, 703] 
[533, 209, 787, 703] 
[538, 213, 797, 704] 
[535, 220, 813, 704] 
[561, 209, 812, 704] 
[574, 214, 797, 703] 
[588, 210, 782, 704] 
[598, 209, 772, 704] 
[584, 207, 755, 703] 
[584, 207, 740, 703] 
[577, 210, 736, 703] 
[582, 204, 746, 703] 
[576, 215, 743, 704] 
[582, 217, 750, 700] 
[561, 219, 763, 703] 
[503, 219, 773, 703] 
[502, 223, 787, 703] 
[503, 225, 795, 703] 
[511, 225, 811, 703] 
[513, 228, 823, 703] 
[516, 226, 834, 703] 
[561, 214, 820, 703] 
[573, 218, 812, 703] 
[597, 215, 797, 704] 
[604, 212, 783, 703] 
[608, 208, 765, 703] 
[603, 210, 756, 703] 
[594, 217, 740, 702] 
[583, 209, 742, 702] 
[576, 217, 751, 704] 
[565, 209, 762, 703] 
[566, 220, 761, 703] 
[544, 218, 777, 703] 
[532, 225, 794, 704] 
[530, 219, 795, 704] 
[536, 217, 801, 703] 
[547, 227, 818, 703] 
[552, 228, 830, 703] 
[562, 227, 829, 704] 
[573, 221, 819, 704] 
[581, 218, 794, 704] 
[602, 219, 785, 703] 
[604, 224, 766, 703] 
[597, 218, 750, 704] 
[597, 218, 744, 703] 
[605, 228, 747, 703] 
[585, 219, 755, 704] 
[560, 222, 767, 703] 
[544, 222, 777, 704] 
[536, 227, 795, 704] 
[531, 229, 789, 704] 
[538, 224, 811, 704] 
[551, 234, 821, 704] 
[560, 223, 825, 703] 
[571, 230, 833, 703] 
[579, 227, 841, 704] 
[597, 222, 843, 703] 
[609, 221, 845, 703] 
[615, 228, 834, 697] 
[647, 225, 815, 696] 
[652, 217, 808, 696] 
[662, 211, 802, 703] 
[667, 219, 795, 698] 
[661, 217, 799, 697] 
[662, 213, 814, 701] 
[656, 219, 826, 696] 
[644, 215, 835, 702] 
[641, 222, 848, 701] 
[643, 229, 859, 700] 
[639, 232, 863, 704] 
[652, 226, 867, 701] 
[652, 226, 880, 697] 
[663, 228, 880, 698] 
[674, 227, 879, 698] 
[683, 229, 877, 699] 
[688, 230, 864, 691] 
[688, 230, 850, 690] 
[701, 223, 838, 686] 
[691, 223, 810, 679] 
[687, 224, 811, 683] 
[677, 229, 807, 680] 
[657, 228, 813, 678] 
[636, 222, 815, 675] 
[616, 227, 818, 676] 
[612, 227, 818, 676] 
[618, 228, 819, 673] 
[616, 227, 822, 674] 
[615, 230, 822, 670] 
[608, 229, 821, 669] 
[611, 229, 826, 669] 
[617, 228, 818, 669] 
[613, 228, 801, 665] 
[619, 233, 792, 662] 
[616, 229, 778, 663] 
[620, 223, 765, 673] 
[613, 230, 751, 670] 
[613, 230, 744, 667] 
[605, 223, 741, 664] 
[602, 223, 741, 664] 
[602, 227, 734, 668] 
[595, 225, 736, 668] 
[589, 228, 727, 661] 
[583, 229, 729, 663] 
[574, 227, 724, 663] 
[570, 228, 726, 662] 
[564, 233, 717, 664] 
[557, 230, 713, 664] 
[555, 230, 721, 661] 
[552, 229, 714, 660] 
[550, 229, 710, 659] 
[547, 228, 712, 648] 
[545, 224, 710, 652] 
[540, 222, 705, 644] 
[537, 229, 712, 651] 
[537, 222, 711, 649] 
[540, 231, 712, 651] 
[551, 235, 712, 651] 
[551, 235, 715, 645] 
[559, 239, 714, 645] 
[570, 238, 713, 640] 
[573, 245, 713, 640] 
[576, 244, 718, 638] 
[577, 244, 723, 634] 
[579, 246, 722, 634] 
[581, 246, 722, 633] 
[577, 245, 722, 633] 
[579, 246, 724, 633] 
[583, 243, 719, 625] 
[584, 242, 720, 628] 
[586, 240, 716, 624] 
[586, 240, 713, 621] 
[584, 243, 715, 623] 
[584, 243, 717, 623] 
[580, 245, 715, 620] 
[579, 251, 716, 620] 
[575, 253, 716, 620] 
[575, 254, 727, 621] 
[571, 256, 725, 621] 
[573, 256, 721, 619] 
[573, 255, 721, 619] 
[569, 257, 719, 614] 
[569, 257, 716, 611] 
[562, 253, 716, 611] 
[562, 253, 705, 610] 
[554, 256, 705, 610] 
[554, 256, 705, 604] 
[553, 260, 706, 605] 
[555, 264, 698, 601] 
[547, 266, 694, 600] 
[543, 266, 694, 597] 
[540, 264, 694, 598] 
[543, 268, 691, 597] 
[540, 264, 689, 594] 
[540, 264, 685, 599] 
[544, 270, 685, 599] 
[543, 270, 684, 597] 
[548, 275, 684, 597] 
[548, 275, 678, 594] 
[558, 271, 678, 594] 
[560, 272, 680, 590] 
[557, 275, 681, 584] 
[557, 275, 679, 588] 
[554, 269, 679, 589] 
[557, 274, 677, 584] 
[554, 274, 677, 584] 
[554, 274, 676, 583] 
[556, 275, 676, 584] 
[557, 276, 679, 580] 
[551, 271, 677, 580] 
[553, 283, 678, 583] 
[553, 283, 668, 582] 
[548, 279, 668, 582] 
[549, 279, 669, 581] 
[542, 280, 666, 578] 
[542, 280, 664, 582] 
[539, 279, 660, 576] 
[539, 279, 665, 572] 
[539, 281, 668, 567] 
[542, 275, 668, 567] 
[542, 275, 671, 573] 
[533, 283, 670, 572] 
[533, 283, 677, 569] 
[542, 286, 677, 569] 
[542, 282, 676, 576] 
[546, 282, 676, 576] 
[546, 282, 677, 578] 
[552, 291, 677, 578] 
[552, 291, 682, 569] 
[555, 292, 682, 569] 
[555, 292, 675, 563] 
[570, 294, 675, 568] 
[570, 294, 675, 571] 
[566, 288, 675, 563] 
[575, 288, 673, 556] 
[575, 293, 670, 555] 
[573, 288, 672, 557] 
[575, 290, 674, 557] 
[572, 289, 669, 555] 
[572, 289, 669, 561] 
[565, 288, 669, 561] 
[565, 288, 666, 565] 
[561, 291, 672, 557] 
[562, 291, 672, 557] 
[559, 294, 669, 558] 
[555, 295, 663, 559] 
[556, 292, 662, 552] 
[552, 294, 663, 554] 
[556, 294, 661, 552] 
[557, 294, 659, 550] 
[555, 296, 663, 551] 
[555, 298, 663, 551] 
[555, 298, 664, 550] 
[555, 292, 663, 549] 
[555, 292, 671, 545] 
[561, 289, 668, 542] 
[561, 289, 671, 546] 
[565, 292, 671, 546] 
[565, 292, 673, 543] 
[566, 294, 673, 543] 
[566, 294, 672, 542] 
[569, 292, 672, 542] 
[569, 292, 676, 540] 
[571, 290, 676, 540] 
[571, 290, 675, 539] 
[581, 291, 675, 539] 
[581, 291, 680, 539] 
[582, 290, 679, 539] 
[582, 290, 675, 542] 
[589, 294, 675, 542] 
[589, 289, 675, 539] 
[589, 289, 683, 535] 
[592, 292, 683, 535] 
[592, 292, 686, 534] 
[593, 294, 685, 533] 
[593, 294, 688, 536] 
[594, 290, 684, 533] 
[594, 290, 692, 530] 
[594, 291, 692, 530] 
[594, 291, 689, 531] 
