[856,204,952,444]
[855,204,951,444]
[854,205,950,445]
[853,204,949,444]
[851,204,947,444]
[850,204,946,444]
[848,204,944,444]
[847,205,943,445]
[845,205,941,445]
[844,205,940,445]
[842,205,938,445]
[840,206,936,446]
[838,206,934,446]
[836,207,932,447]
[834,207,930,447]
[832,208,928,448]
[830,208,926,448]
[829,209,925,449]
[827,209,923,449]
[826,209,922,449]
[825,209,921,449]
[823,209,919,449]
[822,209,918,449]
[821,209,917,449]
[820,209,916,449]
[820,209,916,449]
[819,209,915,449]
[819,209,915,449]
[819,209,915,449]
[819,209,915,449]
[819,209,915,449]
[819,208,915,448]
[820,208,916,448]
[820,208,916,448]
[821,207,917,447]
[821,207,917,447]
[821,207,917,447]
[822,207,918,447]
[822,207,918,447]
[822,207,918,447]
[822,207,918,447]
[822,208,918,448]
[823,209,919,449]
[823,209,919,449]
[822,210,918,450]
[822,211,918,451]
[821,212,917,452]
[820,212,916,452]
[819,213,915,453]
[817,213,913,453]
[814,214,910,454]
[812,215,908,455]
[809,215,905,455]
[806,216,902,456]
[803,216,899,456]
[800,217,896,457]
[797,217,893,457]
[793,218,889,458]
[790,218,886,458]
[787,218,883,458]
[783,218,879,458]
[780,218,876,458]
[777,218,873,458]
[773,218,869,458]
[770,218,866,458]
[767,217,863,457]
[764,217,860,457]
[761,216,857,456]
[757,215,853,455]
[754,215,850,455]
[751,214,847,454]
[747,213,843,453]
[743,212,839,452]
[740,212,836,452]
[736,211,832,451]
[732,211,828,451]
[728,210,824,450]
[724,210,820,450]
[719,210,815,450]
[715,210,811,450]
[711,210,807,450]
[706,210,802,450]
[702,210,798,450]
[698,210,794,450]
[694,210,790,450]
[689,210,785,450]
[685,211,781,451]
[680,211,776,451]
[675,212,771,452]
[670,212,766,452]
[665,213,761,453]
[660,213,756,453]
[655,214,751,454]
[651,214,747,454]
