[871, 202, 956, 443] 
[852, 206, 948, 442] 
[844, 204, 931, 441] 
[838, 210, 929, 438] 
[825, 208, 935, 437] 
[825, 209, 924, 438] 
[814, 208, 909, 441] 
[798, 211, 902, 441] 
[782, 211, 903, 444] 
[767, 209, 896, 448] 
[761, 217, 894, 442] 
[762, 217, 887, 445] 
[754, 217, 882, 446] 
[745, 218, 876, 450] 
[740, 217, 867, 453] 
[738, 217, 850, 453] 
[735, 216, 840, 455] 
[716, 216, 826, 452] 
[709, 218, 811, 451] 
[713, 216, 798, 452] 
[695, 219, 795, 448] 
[684, 220, 798, 449] 
[674, 221, 794, 451] 
[661, 222, 785, 447] 
[648, 223, 784, 445] 
[637, 225, 776, 445] 
[636, 225, 771, 447] 
[629, 226, 764, 449] 
[631, 227, 762, 447] 
[626, 221, 761, 450] 
[623, 223, 755, 450] 
[618, 221, 751, 450] 
[618, 220, 739, 448] 
[617, 217, 728, 456] 
[613, 219, 720, 451] 
[603, 218, 716, 450] 
[615, 221, 690, 455] 
[588, 219, 679, 451] 
[574, 222, 672, 451] 
[557, 222, 668, 450] 
[555, 222, 673, 449] 
[545, 225, 675, 447] 
[532, 227, 664, 447] 
[528, 228, 665, 452] 
[520, 230, 651, 455] 
[520, 231, 648, 454] 
[520, 230, 648, 454] 
[509, 231, 643, 458] 
[501, 231, 638, 453] 
[497, 229, 634, 459] 
[495, 227, 619, 461] 
[491, 229, 605, 456] 
[477, 229, 595, 458] 
[473, 230, 585, 454] 
[458, 231, 564, 458] 
[457, 232, 546, 455] 
[445, 233, 538, 453] 
[441, 234, 542, 452] 
[427, 233, 521, 462] 
[410, 236, 518, 456] 
[394, 237, 509, 453] 
[374, 238, 512, 451] 
[367, 235, 501, 454] 
[363, 234, 495, 455] 
[355, 233, 493, 455] 
[354, 234, 482, 453] 
[350, 235, 471, 454] 
[344, 229, 465, 457] 
[340, 229, 453, 454] 
[337, 225, 434, 457] 
[332, 225, 419, 454] 
[319, 225, 409, 462] 
[299, 224, 393, 456] 
[281, 226, 377, 454] 
[264, 226, 365, 454] 
[247, 228, 357, 449] 
[238, 227, 353, 451] 
[227, 231, 351, 450] 
[219, 229, 343, 454] 
[212, 228, 331, 451] 
[205, 233, 325, 452] 
[202, 228, 311, 451] 
[194, 229, 308, 451] 
[191, 227, 296, 448] 
[183, 226, 282, 451] 
[170, 223, 268, 452] 
[170, 221, 253, 450] 
[161, 222, 236, 454] 
[147, 223, 216, 448] 
[123, 225, 211, 447] 
[109, 216, 212, 446] 
[100, 225, 198, 448] 
[81, 225, 181, 445] 
[68, 225, 174, 446] 
[49, 224, 172, 445] 
