[436,255,481,355]
[438,255,483,355]
[438,255,483,355]
[440,254,485,354]
[442,256,487,356]
[444,256,489,356]
[445,257,490,357]
[444,258,489,358]
[444,259,489,359]
[445,261,490,361]
[446,262,491,362]
[448,262,493,362]
[449,262,494,362]
[450,263,495,363]
[451,264,496,364]
[452,264,497,364]
[453,265,498,365]
[454,266,499,366]
[454,267,499,367]
[453,268,498,368]
[452,268,497,368]
[449,268,494,368]
[447,269,492,369]
[446,270,491,370]
[446,269,491,369]
[446,270,491,370]
[445,270,490,370]
[444,271,489,371]
[444,272,489,372]
[445,271,490,371]
[447,270,492,370]
[449,271,494,371]
[450,270,495,370]
[452,270,497,370]
[453,271,498,371]
[454,272,499,372]
[456,272,501,372]
[458,272,503,372]
[458,273,503,373]
[458,272,503,372]
[457,271,502,371]
[458,270,503,370]
[459,268,504,368]
[460,268,505,368]
[460,267,505,367]
[459,267,504,367]
[459,267,504,367]
[459,266,504,366]
[459,266,504,366]
[460,266,505,366]
[462,266,507,366]
[464,265,509,365]
[466,266,511,366]
[466,266,511,366]
[466,265,511,365]
[467,265,512,365]
[469,264,514,364]
[470,263,515,363]
[470,263,515,363]
[470,262,515,362]
[469,262,514,362]
[469,261,514,361]
[468,261,513,361]
[469,261,514,361]
[470,261,515,361]
[470,260,515,360]
[470,261,515,361]
[472,261,517,361]
[475,262,520,362]
[477,262,522,362]
[479,262,524,362]
[480,262,525,362]
[481,260,526,360]
[481,259,526,359]
[480,259,525,359]
[478,259,523,359]
[476,259,521,359]
[476,259,521,359]
[475,259,520,359]
[474,259,519,359]
[474,259,519,359]
[474,259,519,359]
[474,259,519,359]
[476,259,521,359]
[476,258,521,358]
[477,258,522,358]
[478,257,523,357]
[479,257,524,357]
[479,256,524,356]
[479,256,524,356]
[481,256,526,356]
[483,255,528,355]
[479,255,524,355]
[479,254,524,354]
[479,253,524,353]
[480,253,525,353]
[480,251,525,351]
[479,251,524,351]
[478,252,523,352]
[476,252,521,352]
[474,253,519,353]
[471,254,516,354]
[467,254,512,354]
[463,256,508,356]
[461,257,506,357]
[460,257,505,357]
[460,257,505,357]
[461,257,506,357]
[462,257,507,357]
[463,256,508,356]
[464,256,509,356]
[465,256,510,356]
[466,256,511,356]
[465,256,510,356]
[464,257,509,357]
[463,257,508,357]
[463,258,508,358]
[460,257,505,357]
[461,257,506,357]
[461,258,506,358]
[461,259,506,359]
[461,260,506,360]
[462,261,507,361]
[463,261,508,361]
[464,261,509,361]
[464,261,509,361]
[465,261,510,361]
[468,259,513,359]
[469,259,514,359]
[471,259,516,359]
[473,258,518,358]
[476,258,521,358]
[477,258,522,358]
[477,258,522,358]
[476,258,521,358]
[475,259,520,359]
[474,259,519,359]
[472,260,517,360]
[471,261,516,361]
[471,262,516,362]
[471,262,516,362]
[471,263,516,363]
[470,264,515,364]
[471,265,516,365]
[473,263,518,363]
[476,263,521,363]
[477,263,522,363]
[478,262,523,362]
[479,262,524,362]
[480,260,525,360]
[480,259,525,359]
[480,259,525,359]
[478,258,523,358]
[479,259,524,359]
[479,259,524,359]
[478,259,523,359]
[477,258,522,358]
[477,258,522,358]
[477,259,522,359]
[477,259,522,359]
[477,260,522,360]
[478,261,523,361]
[478,260,523,360]
[477,260,522,360]
[477,259,522,359]
[477,258,522,358]
[472,258,517,358]
[472,257,517,357]
[472,256,517,356]
[471,255,516,355]
[469,255,514,355]
[468,253,513,353]
[467,252,512,352]
[466,251,511,351]
[465,250,510,350]
[465,250,510,350]
[465,249,510,349]
[465,249,510,349]
[464,249,509,349]
[463,249,508,349]
[463,248,508,348]
[464,246,509,346]
[464,244,509,344]
[465,242,510,342]
[466,240,511,340]
[465,239,510,339]
[463,239,508,339]
[461,239,506,339]
[460,240,505,340]
[460,240,505,340]
[460,240,505,340]
[457,240,502,340]
[455,240,500,340]
[453,241,498,341]
[451,240,496,340]
[448,240,493,340]
[446,240,491,340]
[444,240,489,340]
[443,240,488,340]
[442,240,487,340]
[442,240,487,340]
[441,240,486,340]
[441,240,486,340]
[440,241,485,341]
[440,242,485,342]
[439,243,484,343]
[439,243,484,343]
[438,243,483,343]
[438,242,483,342]
[437,242,482,342]
[436,242,481,342]
[436,241,481,341]
[436,241,481,341]
[435,241,480,341]
[433,241,478,341]
[432,240,477,340]
[431,240,476,340]
[431,240,476,340]
[431,240,476,340]
[431,240,476,340]
[430,241,475,341]
[429,240,474,340]
[428,239,473,339]
[427,239,472,339]
[427,239,472,339]
[427,239,472,339]
[427,239,472,339]
[427,240,472,340]
[427,240,472,340]
[426,240,471,340]
[426,241,471,341]
[426,241,471,341]
[426,241,471,341]
[426,241,471,341]
[426,241,471,341]
[427,240,472,340]
[427,240,472,340]
[428,240,473,340]
[428,240,473,340]
[429,241,474,341]
[430,241,475,341]
[431,242,476,342]
[432,243,477,343]
[434,243,479,343]
[436,243,481,343]
[438,243,483,343]
[440,243,485,343]
[441,243,486,343]
[442,243,487,343]
[442,243,487,343]
[443,243,488,343]
[444,243,489,343]
[445,243,490,343]
[446,243,491,343]
[446,244,491,344]
[447,244,492,344]
[448,244,493,344]
[449,245,494,345]
[452,246,497,346]
[452,246,497,346]
[454,246,499,346]
[455,247,500,347]
[456,246,501,346]
[457,246,502,346]
[457,246,502,346]
[458,246,503,346]
[457,246,502,346]
[456,246,501,346]
[456,246,501,346]
[455,247,500,347]
[454,247,499,347]
[453,248,498,348]
[452,249,497,349]
[450,250,495,350]
[448,251,493,351]
[447,251,492,351]
[447,251,492,351]
[446,251,491,351]
[444,252,489,352]
[442,252,487,352]
[439,252,484,352]
[437,252,482,352]
[434,252,479,352]
[432,252,477,352]
[429,252,474,352]
[426,252,471,352]
[424,252,469,352]
[422,252,467,352]
[420,252,465,352]
[417,252,462,352]
[415,252,460,352]
[413,252,458,352]
[411,252,456,352]
[408,252,453,352]
[406,252,451,352]
[404,252,449,352]
[403,252,448,352]
[400,253,445,353]
[397,254,442,354]
[395,254,440,354]
[393,254,438,354]
[391,254,436,354]
[390,254,435,354]
[387,254,432,354]
[385,255,430,355]
[383,256,428,356]
[381,257,426,357]
[380,258,425,358]
[379,258,424,358]
[378,258,423,358]
[377,258,422,358]
[375,258,420,358]
[373,259,418,359]
[372,259,417,359]
[370,258,415,358]
[369,258,414,358]
[367,258,412,358]
[365,258,410,358]
[364,258,409,358]
[363,258,408,358]
[361,258,406,358]
[359,259,404,359]
[357,258,402,358]
[355,258,400,358]
[354,258,399,358]
[351,258,396,358]
[349,259,394,359]
[347,259,392,359]
[345,260,390,360]
[342,260,387,360]
[340,260,385,360]
[339,258,384,358]
[338,258,383,358]
[336,259,381,359]
[334,261,379,361]
[332,261,377,361]
[331,261,376,361]
[330,260,375,360]
[328,259,373,359]
[326,259,371,359]
[324,259,369,359]
[322,259,367,359]
[320,259,365,359]
[317,259,362,359]
[315,260,360,360]
[313,260,358,360]
[311,260,356,360]
[308,261,353,361]
[307,261,352,361]
[305,261,350,361]
[302,261,347,361]
[300,261,345,361]
[297,261,342,361]
[295,262,340,362]
[293,262,338,362]
[290,263,335,363]
[288,263,333,363]
[286,263,331,363]
[283,263,328,363]
[282,263,327,363]
[281,263,326,363]
[281,264,326,364]
[281,263,326,363]
[282,263,327,363]
[281,263,326,363]
[280,263,325,363]
[278,264,323,364]
[277,264,322,364]
[276,264,321,364]
[275,264,320,364]
[273,263,318,363]
[271,263,316,363]
[271,263,316,363]
[269,262,314,362]
[267,262,312,362]
[265,261,310,361]
[263,261,308,361]
[261,261,306,361]
[259,261,304,361]
[256,261,301,361]
[254,261,299,361]
[251,261,296,361]
[249,261,294,361]
[247,261,292,361]
[243,261,288,361]
[241,262,286,362]
[239,262,284,362]
[237,261,282,361]
[235,259,280,359]
[233,257,278,357]
[231,256,276,356]
[229,255,274,355]
[227,255,272,355]
[224,256,269,356]
[221,256,266,356]
[219,257,264,357]
[217,258,262,358]
[215,258,260,358]
[213,258,258,358]
[212,258,257,358]
[210,258,255,358]
[207,257,252,357]
[205,257,250,357]
[202,256,247,356]
[200,257,245,357]
[199,257,244,357]
[198,257,243,357]
[197,257,242,357]
[197,258,242,358]
[197,258,242,358]
[196,259,241,359]
[193,259,238,359]
[191,259,236,359]
[191,260,236,360]
[191,260,236,360]
[190,261,235,361]
[189,260,234,360]
[187,260,232,360]
[186,260,231,360]
[185,259,230,359]
[184,259,229,359]
[183,260,228,360]
[181,260,226,360]
[180,260,225,360]
[178,261,223,361]
[175,261,220,361]
[172,261,217,361]
[171,261,216,361]
[169,260,214,360]
[167,260,212,360]
[164,259,209,359]
[162,259,207,359]
[161,259,206,359]
[159,259,204,359]
[159,260,204,360]
[159,261,204,361]
[158,261,203,361]
[156,261,201,361]
[154,261,199,361]
[153,261,198,361]
[153,262,198,362]
[152,262,197,362]
[151,262,196,362]
[150,264,195,364]
[148,264,193,364]
[147,264,192,364]
[147,265,192,365]
[146,264,191,364]
[149,263,194,363]
[149,262,194,362]
[149,261,194,361]
[149,261,194,361]
[147,261,192,361]
[147,262,192,362]
[147,262,192,362]
[145,263,190,363]
[143,264,188,364]
[141,265,186,365]
[138,266,183,366]
[136,267,181,367]
[133,267,178,367]
[131,268,176,368]
[129,269,174,369]
[126,270,171,370]
[124,271,169,371]
[122,273,167,373]
[121,274,166,374]
[120,274,165,374]
[117,275,162,375]
[115,276,160,376]
[114,276,159,376]
[114,276,159,376]
[113,276,158,376]
[112,276,157,376]
[110,275,155,375]
[108,275,153,375]
[106,274,151,374]
[106,274,151,374]
[106,274,151,374]
[105,274,150,374]
[105,274,150,374]
[105,274,150,374]
[105,273,150,373]
[105,271,150,371]
[104,269,149,369]
[104,268,149,368]
