[438, 257, 488, 359] 
[436, 257, 491, 359] 
[438, 256, 491, 358] 
[440, 258, 491, 356] 
[441, 254, 491, 360] 
[439, 256, 490, 360] 
[442, 256, 491, 360] 
[436, 258, 492, 364] 
[438, 262, 484, 366] 
[441, 262, 485, 364] 
[444, 263, 487, 365] 
[444, 265, 488, 363] 
[448, 263, 491, 365] 
[450, 265, 488, 369] 
[450, 263, 492, 368] 
[449, 268, 493, 366] 
[451, 266, 499, 369] 
[454, 270, 497, 369] 
[450, 267, 502, 370] 
[447, 271, 498, 367] 
[446, 268, 494, 371] 
[446, 266, 487, 369] 
[445, 268, 489, 371] 
[444, 268, 485, 370] 
[444, 269, 484, 372] 
[447, 270, 482, 370] 
[449, 270, 485, 367] 
[450, 271, 481, 376] 
[447, 270, 488, 381] 
[453, 269, 489, 378] 
[454, 272, 493, 378] 
[453, 270, 493, 377] 
[454, 272, 494, 375] 
[453, 270, 499, 374] 
[449, 271, 499, 373] 
[447, 272, 498, 378] 
[448, 272, 495, 376] 
[443, 272, 493, 376] 
[442, 271, 495, 377] 
[441, 272, 493, 377] 
[446, 272, 493, 378] 
[452, 272, 494, 378] 
[459, 267, 498, 375] 
[463, 267, 502, 378] 
[464, 267, 501, 376] 
[466, 265, 504, 378] 
[466, 266, 503, 376] 
[463, 267, 504, 372] 
[458, 265, 507, 369] 
[458, 261, 506, 372] 
[455, 263, 510, 370] 
[458, 264, 508, 367] 
[454, 267, 507, 368] 
[452, 266, 506, 367] 
[453, 267, 501, 367] 
[453, 265, 503, 367] 
[460, 262, 506, 373] 
[462, 265, 507, 367] 
[466, 260, 507, 371] 
[466, 261, 508, 372] 
[467, 261, 507, 369] 
[464, 260, 509, 370] 
[464, 260, 510, 368] 
[466, 260, 514, 369] 
[466, 260, 517, 370] 
[466, 260, 519, 370] 
[466, 260, 516, 370] 
[461, 261, 516, 370] 
[461, 261, 516, 368] 
[464, 265, 516, 368] 
[464, 264, 515, 367] 
[463, 265, 516, 369] 
[466, 263, 514, 367] 
[468, 259, 512, 367] 
[472, 256, 518, 370] 
[477, 259, 515, 370] 
[474, 260, 514, 370] 
[473, 260, 515, 372] 
[473, 260, 513, 374] 
[474, 260, 513, 376] 
[474, 261, 518, 376] 
[474, 261, 518, 371] 
[474, 262, 525, 371] 
[476, 261, 527, 367] 
[474, 259, 529, 370] 
[474, 260, 527, 365] 
[471, 259, 527, 367] 
[466, 261, 526, 367] 
[466, 260, 523, 365] 
[462, 259, 519, 365] 
[465, 258, 521, 363] 
[465, 256, 516, 364] 
[465, 258, 516, 366] 
[469, 254, 516, 362] 
[467, 254, 516, 362] 
[476, 251, 517, 367] 
[477, 253, 517, 364] 
[477, 249, 516, 363] 
[478, 251, 516, 366] 
[477, 250, 512, 360] 
[472, 250, 518, 367] 
[472, 254, 514, 367] 
[463, 255, 511, 367] 
[463, 257, 509, 365] 
[459, 258, 503, 366] 
[459, 256, 504, 365] 
[456, 257, 501, 366] 
[453, 259, 500, 366] 
[454, 254, 497, 362] 
[456, 256, 498, 363] 
[458, 256, 500, 366] 
[458, 257, 501, 367] 
[464, 256, 501, 370] 
[464, 254, 503, 371] 
[462, 259, 500, 373] 
[462, 256, 501, 371] 
[461, 258, 500, 372] 
[464, 259, 503, 368] 
[465, 255, 508, 370] 
[463, 258, 512, 373] 
[460, 259, 513, 370] 
[458, 261, 518, 371] 
[460, 261, 517, 371] 
[460, 261, 516, 369] 
[456, 262, 517, 367] 
[455, 260, 515, 368] 
[455, 259, 511, 363] 
[454, 258, 510, 370] 
[458, 256, 509, 367] 
[454, 257, 508, 367] 
[460, 256, 511, 370] 
[464, 256, 511, 371] 
[467, 253, 513, 369] 
[469, 257, 512, 368] 
[468, 254, 511, 373] 
[468, 258, 509, 375] 
[469, 254, 511, 372] 
[465, 257, 511, 374] 
[470, 259, 516, 375] 
[470, 260, 517, 374] 
[467, 259, 517, 375] 
[472, 259, 517, 376] 
[467, 264, 515, 376] 
[467, 260, 509, 375] 
[467, 258, 512, 378] 
[460, 259, 514, 375] 
[465, 260, 512, 375] 
[460, 262, 513, 375] 
[460, 260, 516, 376] 
[457, 261, 516, 373] 
[473, 261, 516, 377] 
[477, 258, 516, 374] 
[475, 257, 516, 375] 
[474, 259, 516, 375] 
[475, 258, 517, 371] 
[471, 260, 518, 372] 
[469, 259, 526, 371] 
[465, 259, 525, 373] 
[464, 260, 525, 375] 
[461, 263, 520, 375] 
[460, 260, 519, 375] 
[460, 259, 516, 372] 
[456, 260, 514, 371] 
[458, 259, 512, 368] 
[459, 257, 512, 368] 
[464, 257, 510, 371] 
[466, 257, 509, 371] 
[469, 256, 509, 371] 
[469, 255, 508, 369] 
[468, 253, 507, 366] 
[461, 253, 504, 369] 
[457, 249, 509, 365] 
[457, 250, 509, 365] 
[465, 250, 511, 361] 
[463, 249, 512, 364] 
[463, 249, 513, 364] 
[464, 249, 507, 367] 
[466, 249, 507, 362] 
[466, 249, 507, 362] 
[462, 251, 506, 362] 
[461, 248, 504, 358] 
[461, 248, 505, 357] 
[462, 242, 506, 355] 
[462, 240, 505, 350] 
[464, 239, 504, 349] 
[463, 237, 500, 349] 
[460, 237, 502, 349] 
[460, 237, 498, 349] 
[463, 237, 498, 349] 
[460, 239, 499, 352] 
[463, 237, 502, 352] 
[457, 241, 499, 349] 
[456, 243, 499, 353] 
[450, 241, 499, 352] 
[452, 239, 498, 349] 
[447, 243, 496, 354] 
[445, 241, 495, 349] 
[443, 241, 491, 351] 
[441, 237, 490, 352] 
[441, 238, 488, 352] 
[438, 241, 488, 352] 
[442, 241, 484, 350] 
[440, 236, 483, 354] 
[441, 239, 482, 345] 
[442, 241, 480, 352] 
[439, 244, 485, 350] 
[438, 242, 479, 352] 
[443, 245, 480, 350] 
[441, 243, 478, 348] 
[439, 243, 478, 347] 
[439, 241, 477, 349] 
[439, 243, 476, 349] 
[439, 239, 477, 343] 
[440, 240, 475, 349] 
[436, 240, 473, 342] 
[437, 241, 472, 343] 
[434, 241, 472, 344] 
[433, 242, 471, 345] 
[437, 241, 471, 342] 
[436, 242, 471, 345] 
[434, 242, 470, 348] 
[431, 242, 469, 346] 
[431, 241, 467, 346] 
[432, 239, 467, 343] 
[434, 238, 471, 346] 
[432, 241, 468, 346] 
[434, 240, 473, 345] 
[434, 238, 470, 348] 
[434, 241, 473, 344] 
[435, 243, 471, 343] 
[434, 242, 471, 343] 
[432, 241, 473, 345] 
[432, 244, 472, 342] 
[434, 245, 471, 345] 
[432, 245, 473, 345] 
[431, 245, 473, 341] 
[430, 246, 475, 343] 
[429, 244, 478, 340] 
[430, 243, 478, 342] 
[426, 245, 478, 343] 
[427, 247, 477, 341] 
[427, 246, 475, 342] 
[426, 246, 474, 343] 
[430, 246, 475, 347] 
[431, 246, 473, 345] 
[432, 247, 476, 345] 
[432, 247, 477, 347] 
[437, 245, 477, 344] 
[445, 243, 478, 348] 
[446, 245, 482, 343] 
[443, 246, 482, 346] 
[452, 245, 488, 344] 
[448, 246, 488, 345] 
[447, 246, 489, 344] 
[447, 250, 494, 349] 
[446, 248, 497, 345] 
[445, 248, 503, 344] 
[443, 248, 503, 346] 
[445, 251, 507, 346] 
[442, 252, 512, 349] 
[443, 251, 510, 349] 
[446, 253, 509, 345] 
[443, 250, 504, 354] 
[452, 250, 505, 353] 
[453, 250, 505, 349] 
[459, 249, 500, 349] 
[463, 250, 500, 348] 
[464, 250, 502, 350] 
[467, 250, 498, 350] 
[469, 248, 499, 352] 
[466, 250, 502, 350] 
[466, 251, 498, 349] 
[466, 254, 503, 350] 
[464, 252, 507, 351] 
[461, 254, 505, 356] 
[459, 258, 510, 356] 
[455, 257, 508, 354] 
[456, 257, 509, 356] 
[454, 258, 511, 354] 
[453, 259, 511, 351] 
[455, 255, 506, 354] 
[450, 258, 505, 354] 
[456, 250, 503, 352] 
[463, 254, 498, 355] 
[460, 252, 499, 353] 
[458, 252, 500, 357] 
[460, 254, 502, 358] 
[459, 250, 499, 369] 
[458, 251, 495, 360] 
[456, 255, 499, 367] 
[452, 254, 503, 359] 
[446, 254, 504, 363] 
[450, 254, 507, 355] 
[445, 251, 511, 348] 
[451, 252, 511, 349] 
[448, 251, 508, 354] 
[453, 257, 507, 349] 
[451, 257, 506, 349] 
[452, 254, 503, 346] 
[450, 252, 501, 354] 
[448, 252, 503, 351] 
[448, 258, 501, 351] 
[457, 251, 499, 352] 
[456, 254, 501, 350] 
[462, 252, 500, 354] 
[464, 253, 499, 353] 
[461, 254, 499, 355] 
[461, 254, 495, 351] 
[461, 257, 499, 357] 
[461, 254, 498, 357] 
[460, 256, 503, 359] 
[459, 258, 505, 354] 
[457, 259, 506, 354] 
[454, 256, 509, 354] 
[456, 259, 507, 355] 
[455, 256, 507, 354] 
[455, 257, 508, 350] 
[456, 255, 505, 353] 
[454, 251, 504, 353] 
[456, 253, 501, 348] 
[464, 249, 503, 349] 
[467, 249, 499, 349] 
[464, 253, 500, 348] 
[465, 254, 502, 349] 
[466, 254, 505, 345] 
[465, 259, 506, 350] 
[464, 254, 508, 349] 
[461, 253, 507, 351] 
[462, 256, 512, 351] 
[463, 259, 512, 352] 
[457, 254, 512, 350] 
[456, 258, 512, 348] 
[456, 258, 512, 345] 
[461, 255, 512, 345] 
[459, 257, 511, 349] 
[460, 255, 510, 349] 
[463, 255, 511, 345] 
[465, 253, 508, 345] 
[467, 250, 504, 345] 
[469, 250, 504, 346] 
[470, 248, 501, 341] 
[467, 249, 502, 340] 
[464, 246, 503, 338] 
[466, 247, 506, 339] 
[463, 250, 503, 345] 
[464, 249, 510, 338] 
[462, 250, 510, 340] 
[462, 252, 512, 338] 
[458, 251, 509, 340] 
[457, 250, 509, 338] 
[460, 251, 507, 340] 
[456, 252, 507, 338] 
[456, 249, 504, 338] 
[458, 251, 501, 339] 
[460, 251, 497, 339] 
[460, 249, 497, 339] 
[461, 250, 497, 344] 
[466, 248, 495, 336] 
[464, 247, 497, 340] 
[464, 246, 499, 340] 
[464, 248, 499, 342] 
[464, 248, 503, 342] 
[462, 246, 506, 336] 
[464, 241, 508, 337] 
[463, 246, 508, 338] 
[462, 246, 507, 335] 
[466, 245, 507, 335] 
[465, 247, 506, 333] 
[465, 247, 504, 333] 
[463, 246, 503, 328] 
[469, 244, 503, 329] 
[469, 242, 499, 328] 
[472, 240, 500, 324] 
[470, 238, 500, 321] 
[470, 239, 500, 322] 
[473, 241, 498, 323] 
[469, 238, 497, 323] 
[469, 235, 495, 320] 
[467, 239, 496, 319] 
[465, 237, 495, 324] 
[464, 234, 497, 324] 
[465, 237, 499, 319] 
[460, 237, 500, 317] 
[462, 235, 502, 321] 
[459, 238, 498, 324] 
[455, 236, 495, 320] 
[456, 235, 493, 320] 
[456, 236, 489, 319] 
[453, 232, 490, 313] 
[452, 232, 487, 314] 
[454, 228, 485, 311] 
[457, 224, 486, 309] 
[456, 222, 486, 302] 
[452, 222, 484, 302] 
[455, 226, 484, 303] 
[445, 225, 486, 306] 
[447, 221, 490, 306] 
[446, 225, 484, 310] 
[446, 223, 487, 310] 
[443, 224, 488, 309] 
[441, 227, 487, 304] 
[443, 226, 486, 305] 
[445, 224, 483, 306] 
[442, 221, 485, 302] 
[443, 224, 487, 305] 
[447, 223, 482, 304] 
[444, 221, 481, 302] 
[445, 222, 477, 302] 
[447, 219, 480, 295] 
[447, 216, 479, 300] 
[447, 220, 479, 300] 
[448, 216, 478, 302] 
[448, 217, 477, 302] 
[448, 217, 478, 299] 
[447, 217, 481, 298] 
[447, 218, 481, 298] 
[450, 218, 481, 301] 
[447, 218, 485, 299] 
[447, 214, 485, 299] 
[447, 214, 485, 295] 
[447, 216, 482, 295] 
[451, 216, 482, 292] 
[449, 212, 479, 293] 
[447, 217, 480, 290] 
[444, 214, 478, 296] 
[443, 214, 478, 296] 
[443, 217, 477, 294] 
[442, 214, 476, 298] 
[443, 215, 473, 295] 
[443, 216, 474, 295] 
[443, 214, 473, 291] 
[443, 215, 473, 292] 
[444, 215, 474, 292] 
[443, 213, 473, 290] 
[443, 212, 473, 289] 
[442, 214, 472, 291] 
[444, 215, 474, 292] 
[443, 214, 473, 291] 
[441, 213, 471, 290] 
[442, 214, 472, 291] 
[442, 215, 472, 292] 
[442, 215, 472, 292] 
[443, 214, 473, 291] 
[444, 213, 474, 290] 
[443, 211, 473, 288] 
[442, 211, 472, 288] 
[444, 211, 474, 288] 
[444, 210, 474, 287] 
[443, 208, 473, 285] 
[446, 208, 476, 285] 
[450, 206, 480, 283] 
[451, 204, 481, 281] 
[454, 202, 484, 279] 
[454, 200, 484, 277] 
[452, 202, 483, 279] 
[453, 207, 484, 284] 
[452, 208, 483, 285] 
[450, 207, 481, 284] 
[450, 208, 481, 285] 
[450, 208, 481, 285] 
[449, 207, 480, 284] 
[448, 206, 479, 283] 
[447, 206, 478, 283] 
[446, 206, 477, 283] 
[445, 205, 476, 282] 
[444, 208, 475, 285] 
[444, 209, 475, 286] 
[443, 207, 474, 284] 
[443, 209, 474, 286] 
[443, 209, 474, 286] 
[442, 208, 473, 285] 
[441, 207, 472, 284] 
[443, 210, 474, 287] 
[442, 209, 473, 286] 
[442, 208, 473, 285] 
[442, 207, 473, 284] 
[441, 209, 472, 286] 
[441, 207, 472, 284] 
[442, 205, 473, 282] 
[442, 204, 473, 281] 
[442, 203, 473, 280] 
[444, 205, 475, 282] 
[442, 206, 473, 283] 
[443, 206, 474, 283] 
[443, 205, 474, 282] 
[443, 204, 474, 281] 
[445, 202, 476, 279] 
