[710,262,860,550]
[706,261,856,549]
[706,261,856,549]
[704,260,854,548]
[702,260,852,548]
[699,260,849,548]
[696,260,846,548]
[694,260,844,548]
[691,261,841,549]
[688,262,838,550]
[685,263,835,551]
[681,264,831,552]
[678,265,828,553]
[673,266,823,554]
[669,267,819,555]
[664,267,814,555]
[658,267,808,555]
[653,266,803,554]
[647,266,797,554]
[641,265,791,553]
[634,264,784,552]
[627,263,777,551]
[620,263,770,551]
[612,263,762,551]
[607,262,757,550]
[606,262,756,550]
[604,262,754,550]
[604,263,754,551]
[603,263,753,551]
[599,263,749,551]
[596,263,746,551]
[593,264,743,552]
[589,265,739,553]
[586,266,736,554]
[582,267,732,555]
[578,268,728,556]
[573,268,723,556]
[568,268,718,556]
[563,268,713,556]
[559,267,709,555]
[555,267,705,555]
[550,266,700,554]
[547,266,697,554]
[544,265,694,553]
[540,265,690,553]
[537,265,687,553]
[533,265,683,553]
[529,265,679,553]
[523,266,673,554]
[519,267,669,555]
[514,268,664,556]
[509,269,659,557]
[505,269,655,557]
[501,270,651,558]
[496,271,646,559]
[492,272,642,560]
[487,272,637,560]
[479,271,629,559]
[471,269,621,557]
[464,268,614,556]
[457,267,607,555]
[452,266,602,554]
[447,266,597,554]
[442,267,592,555]
[437,268,587,556]
[432,269,582,557]
[426,270,576,558]
[418,271,568,559]
[410,272,560,560]
[401,273,551,561]
[391,273,541,561]
[381,273,531,561]
[369,273,519,561]
[356,273,506,561]
[343,272,493,560]
[330,272,480,560]
[317,271,467,559]
[304,271,454,559]
[304,271,454,559]
[297,271,447,559]
[291,271,441,559]
[285,272,435,560]
[278,272,428,560]
[270,273,420,561]
[261,274,411,562]
[253,275,403,563]
[244,276,394,564]
[236,276,386,564]
[230,275,380,563]
[223,274,373,562]
[216,272,366,560]
[209,270,359,558]
[203,269,353,557]
[197,268,347,556]
[192,268,342,556]
[186,268,336,556]
[180,268,330,556]
[174,269,324,557]
[168,270,318,558]
[162,271,312,559]
[155,271,305,559]
[147,271,297,559]
[138,271,288,559]
[129,271,279,559]
[119,271,269,559]
[107,271,257,559]
[95,270,245,558]
[84,269,234,557]
[72,268,222,556]
[59,268,209,556]
[47,268,197,556]
[40,268,190,556]
[36,268,186,556]
[30,268,180,556]
[24,269,174,557]
[17,270,167,558]
[10,271,160,559]
[2,272,152,560]
[-5,273,145,561]
[-11,274,139,562]
[-17,276,133,564]
[-22,275,128,563]
[-22,275,128,563]
[-23,274,127,562]
[-23,274,127,562]
[-23,274,127,562]
[-23,274,127,562]
[-24,274,126,562]
[-25,274,125,562]
[-25,274,125,562]
[-26,274,124,562]
[-31,275,119,563]
[-36,275,114,563]
[-43,276,107,564]
[-51,277,99,565]
[-59,278,91,566]
[-69,278,81,566]
[-76,279,74,567]
[-76,279,74,567]
[-76,279,74,567]
[-76,279,74,567]
[-76,279,74,567]
[-76,279,74,567]
[-76,279,74,567]
[-76,279,74,567]
[-76,280,74,568]
[-76,280,74,568]
[-76,280,74,568]
[-76,280,74,568]
[-76,280,74,568]
[-76,280,74,568]
[-76,280,74,568]
[-76,280,74,568]
[-76,280,74,568]
[-76,280,74,568]
[-76,280,74,568]
[-76,280,74,568]
[-76,280,74,568]
[-76,280,74,568]
[-76,281,74,569]
[-76,281,74,569]
[-76,281,74,569]
[-76,281,74,569]
[-76,281,74,569]
[-76,281,74,569]
[-76,281,74,569]
[-76,281,74,569]
[-76,281,74,569]
[-76,281,74,569]
[-76,281,74,569]
[-76,281,74,569]
[-76,281,74,569]
[-76,281,74,569]
[-76,281,74,569]
[-76,281,74,569]
[-76,281,74,569]
[-76,281,74,569]
[-76,281,74,569]
[-75,281,75,569]
[-75,281,75,569]
[-75,281,75,569]
[-75,281,75,569]
[-75,281,75,569]
[-75,281,75,569]
[-75,281,75,569]
[-75,281,75,569]
[-75,281,75,569]
[-75,281,75,569]
[-75,281,75,569]
[-75,281,75,569]
[-75,281,75,569]
[-75,281,75,569]
[-75,281,75,569]
[-74,281,76,569]
[-74,281,76,569]
[-74,281,76,569]
[-74,281,76,569]
[-74,281,76,569]
[-73,281,77,569]
[-74,281,76,569]
[-74,281,76,569]
[-75,280,75,568]
[-75,279,75,567]
[-75,279,75,567]
