[705, 251, 871, 554] 
[718, 262, 849, 551] 
[712, 265, 839, 545] 
[717, 265, 829, 543] 
[719, 264, 816, 538] 
[714, 263, 807, 545] 
[710, 265, 800, 542] 
[711, 265, 791, 542] 
[703, 261, 793, 544] 
[693, 258, 788, 545] 
[675, 266, 789, 546] 
[665, 265, 788, 542] 
[655, 263, 787, 549] 
[645, 267, 784, 547] 
[644, 269, 784, 547] 
[640, 268, 786, 547] 
[636, 268, 786, 547] 
[633, 271, 790, 547] 
[638, 268, 784, 549] 
[630, 264, 784, 548] 
[639, 265, 775, 549] 
[634, 268, 772, 545] 
[632, 265, 763, 547] 
[638, 266, 754, 548] 
[631, 268, 741, 545] 
[637, 267, 735, 549] 
[628, 266, 726, 549] 
[633, 263, 712, 547] 
[621, 266, 717, 546] 
[621, 266, 709, 545] 
[608, 270, 709, 545] 
[598, 265, 708, 546] 
[587, 267, 708, 548] 
[575, 270, 708, 548] 
[570, 267, 712, 558] 
[565, 269, 707, 554] 
[565, 269, 704, 551] 
[563, 271, 704, 551] 
[563, 271, 705, 553] 
[562, 272, 704, 548] 
[562, 272, 701, 554] 
[555, 270, 695, 553] 
[555, 267, 693, 554] 
[555, 267, 673, 552] 
[559, 266, 673, 552] 
[559, 266, 660, 548] 
[559, 270, 652, 544] 
[560, 268, 643, 546] 
[550, 265, 633, 552] 
[549, 268, 632, 552] 
[530, 266, 630, 551] 
[518, 264, 628, 551] 
[506, 262, 628, 551] 
[495, 267, 630, 552] 
[483, 270, 629, 549] 
[483, 267, 628, 549] 
[482, 265, 629, 555] 
[479, 265, 624, 556] 
[481, 262, 620, 559] 
[475, 263, 623, 550] 
[471, 263, 621, 552] 
[482, 266, 616, 552] 
[472, 267, 611, 554] 
[475, 267, 598, 557] 
[483, 265, 588, 550] 
[481, 261, 576, 548] 
[473, 268, 568, 552] 
[457, 262, 564, 548] 
[462, 259, 560, 552] 
[457, 272, 549, 553] 
[435, 270, 543, 551] 
[437, 266, 543, 551] 
[423, 271, 541, 554] 
[416, 274, 541, 551] 
[412, 271, 543, 554] 
[407, 272, 545, 551] 
[400, 271, 541, 551] 
[410, 275, 543, 552] 
[407, 274, 537, 552] 
[397, 275, 533, 551] 
[391, 270, 531, 550] 
[393, 271, 523, 554] 
[395, 269, 511, 547] 
[401, 270, 503, 546] 
[390, 272, 491, 551] 
[387, 269, 482, 551] 
[387, 269, 475, 550] 
[388, 270, 472, 549] 
[383, 271, 467, 552] 
[371, 272, 471, 550] 
[349, 276, 471, 550] 
[334, 274, 473, 550] 
[319, 273, 474, 549] 
[322, 274, 475, 546] 
[321, 276, 473, 548] 
[320, 275, 468, 552] 
[319, 272, 468, 552] 
[320, 269, 469, 555] 
[315, 267, 462, 558] 
[315, 267, 453, 554] 
[323, 267, 453, 554] 
[321, 267, 435, 553] 
[313, 264, 425, 550] 
[311, 268, 416, 552] 
[306, 263, 407, 558] 
[299, 264, 398, 550] 
[293, 264, 397, 554] 
[289, 267, 396, 551] 
[279, 269, 391, 554] 
[277, 270, 388, 554] 
[258, 269, 389, 553] 
[260, 270, 392, 555] 
[253, 267, 389, 554] 
[250, 270, 388, 554] 
[251, 270, 391, 554] 
[247, 269, 390, 555] 
[242, 273, 387, 556] 
[237, 270, 378, 550] 
[244, 271, 371, 555] 
[244, 265, 361, 552] 
[239, 267, 352, 552] 
[240, 268, 345, 550] 
[240, 264, 334, 559] 
[235, 269, 325, 554] 
[233, 262, 317, 554] 
[230, 265, 317, 554] 
[223, 268, 312, 555] 
[200, 267, 311, 553] 
[189, 266, 316, 555] 
[169, 265, 314, 554] 
[170, 265, 314, 554] 
[170, 267, 316, 557] 
[158, 272, 314, 553] 
[161, 272, 316, 557] 
[163, 272, 311, 555] 
[163, 268, 306, 556] 
[164, 273, 306, 558] 
[157, 271, 299, 558] 
[159, 271, 293, 557] 
[167, 268, 286, 556] 
[159, 268, 275, 556] 
[152, 270, 270, 558] 
[150, 272, 257, 558] 
[146, 269, 248, 559] 
[138, 266, 238, 557] 
[137, 269, 240, 560] 
[127, 268, 233, 557] 
[117, 270, 234, 559] 
[120, 271, 233, 559] 
[111, 266, 232, 561] 
[110, 274, 237, 561] 
[102, 275, 233, 560] 
[107, 274, 232, 557] 
[106, 276, 233, 556] 
[103, 275, 227, 557] 
[106, 274, 222, 556] 
[103, 272, 217, 561] 
[105, 269, 209, 562] 
[98, 271, 201, 558] 
[98, 272, 195, 560] 
[91, 267, 182, 562] 
[87, 276, 180, 556] 
[83, 271, 177, 559] 
[78, 277, 175, 560] 
[67, 274, 175, 561] 
[59, 274, 170, 563] 
[50, 278, 174, 558] 
[37, 278, 177, 558] 
[33, 276, 167, 556] 
[32, 278, 172, 556] 
[30, 280, 171, 556] 
[30, 278, 170, 556] 
[24, 278, 167, 560] 
[26, 278, 171, 560] 
[26, 273, 165, 557] 
[26, 277, 162, 559] 
[32, 274, 158, 562] 
[25, 273, 152, 557] 
[24, 272, 147, 556] 
[23, 275, 142, 562] 
[25, 273, 132, 560] 
[17, 272, 121, 556] 
[12, 269, 111, 560] 
[8, 269, 105, 555] 
[6, 273, 112, 554] 
[0, 281, 105, 558] 
[0, 270, 101, 553] 
[1, 274, 101, 557] 
[0, 271, 99, 556] 
[0, 275, 99, 556] 
[0, 274, 99, 556] 
[0, 277, 97, 557] 
[0, 273, 96, 556] 
[0, 273, 100, 557] 
[0, 271, 98, 556] 
[0, 280, 94, 554] 
[0, 273, 91, 559] 
[0, 274, 90, 558] 
[0, 270, 83, 560] 
[0, 268, 87, 556] 
[0, 266, 68, 553] 
[0, 272, 67, 553] 
[0, 274, 57, 554] 
[0, 272, 57, 553] 
[0, 272, 60, 551] 
